add device 1: /dev/input/event1
  name:     "gpio-keys"
add device 2: /dev/input/event2
  name:     "tegra-kbc"
add device 3: /dev/input/event3
  name:     "atmel-maxtouch"
add device 4: /dev/input/event0
  name:     "lid_input"
[    3900.653421] /dev/input/event3: 0001 014a 00000001
[    3900.653457] /dev/input/event3: 0003 0039 00000000
[    3900.653465] /dev/input/event3: 0003 0030 00000020
[    3900.653471] /dev/input/event3: 0003 003a 00000020
[    3900.653478] /dev/input/event3: 0003 0035 00000470
[    3900.653484] /dev/input/event3: 0003 0036 000001eb
[    3900.653491] /dev/input/event3: 0000 0002 00000000
[    3900.653496] /dev/input/event3: 0000 0000 00000000
[    3900.763323] /dev/input/event3: 0003 0039 00000000
[    3900.763346] /dev/input/event3: 0003 0030 00000020
[    3900.763350] /dev/input/event3: 0003 003a 00000020
[    3900.763354] /dev/input/event3: 0003 0035 00000486
[    3900.763358] /dev/input/event3: 0003 0036 000001e3
[    3900.763361] /dev/input/event3: 0000 0002 00000000
[    3900.763365] /dev/input/event3: 0000 0000 00000000
[    3900.773326] /dev/input/event3: 0003 0039 00000000
[    3900.773362] /dev/input/event3: 0003 0030 00000020
[    3900.773366] /dev/input/event3: 0003 003a 00000020
[    3900.773370] /dev/input/event3: 0003 0035 0000048d
[    3900.773374] /dev/input/event3: 0003 0036 000001e2
[    3900.773377] /dev/input/event3: 0000 0002 00000000
[    3900.773381] /dev/input/event3: 0000 0000 00000000
[    3900.783228] /dev/input/event3: 0003 0039 00000000
[    3900.783256] /dev/input/event3: 0003 0030 00000020
[    3900.783259] /dev/input/event3: 0003 003a 00000020
[    3900.783262] /dev/input/event3: 0003 0035 00000492
[    3900.783264] /dev/input/event3: 0003 0036 000001e1
[    3900.783267] /dev/input/event3: 0000 0002 00000000
[    3900.783269] /dev/input/event3: 0000 0000 00000000
[    3900.793174] /dev/input/event3: 0003 0039 00000000
[    3900.793196] /dev/input/event3: 0003 0030 00000020
[    3900.793198] /dev/input/event3: 0003 003a 00000020
[    3900.793201] /dev/input/event3: 0003 0035 00000496
[    3900.793203] /dev/input/event3: 0003 0036 000001e0
[    3900.793206] /dev/input/event3: 0000 0002 00000000
[    3900.793208] /dev/input/event3: 0000 0000 00000000
[    3900.803171] /dev/input/event3: 0003 0039 00000000
[    3900.803199] /dev/input/event3: 0003 0030 00000020
[    3900.803201] /dev/input/event3: 0003 003a 00000020
[    3900.803204] /dev/input/event3: 0003 0035 00000499
[    3900.803207] /dev/input/event3: 0003 0036 000001e0
[    3900.803209] /dev/input/event3: 0000 0002 00000000
[    3900.803212] /dev/input/event3: 0000 0000 00000000
[    3900.813106] /dev/input/event3: 0003 0039 00000000
[    3900.813130] /dev/input/event3: 0003 0030 00000040
[    3900.813133] /dev/input/event3: 0003 003a 00000040
[    3900.813135] /dev/input/event3: 0003 0035 0000049e
[    3900.813138] /dev/input/event3: 0003 0036 000001df
[    3900.813140] /dev/input/event3: 0000 0002 00000000
[    3900.813143] /dev/input/event3: 0000 0000 00000000
[    3900.823070] /dev/input/event3: 0003 0039 00000000
[    3900.823090] /dev/input/event3: 0003 0030 00000040
[    3900.823092] /dev/input/event3: 0003 003a 00000040
[    3900.823095] /dev/input/event3: 0003 0035 000004a3
[    3900.823097] /dev/input/event3: 0003 0036 000001df
[    3900.823100] /dev/input/event3: 0000 0002 00000000
[    3900.823102] /dev/input/event3: 0000 0000 00000000
[    3900.832993] /dev/input/event3: 0003 0039 00000000
[    3900.833006] /dev/input/event3: 0003 0030 00000040
[    3900.833009] /dev/input/event3: 0003 003a 00000040
[    3900.833012] /dev/input/event3: 0003 0035 000004ab
[    3900.833014] /dev/input/event3: 0003 0036 000001de
[    3900.833017] /dev/input/event3: 0000 0002 00000000
[    3900.833019] /dev/input/event3: 0000 0000 00000000
[    3900.842976] /dev/input/event3: 0003 0039 00000000
[    3900.842992] /dev/input/event3: 0003 0030 00000020
[    3900.842995] /dev/input/event3: 0003 003a 00000020
[    3900.842997] /dev/input/event3: 0003 0035 000004b4
[    3900.843000] /dev/input/event3: 0003 0036 000001dd
[    3900.843003] /dev/input/event3: 0000 0002 00000000
[    3900.843005] /dev/input/event3: 0000 0000 00000000
[    3900.852997] /dev/input/event3: 0003 0039 00000000
[    3900.853028] /dev/input/event3: 0003 0030 00000020
[    3900.853031] /dev/input/event3: 0003 003a 00000020
[    3900.853034] /dev/input/event3: 0003 0035 000004bc
[    3900.853036] /dev/input/event3: 0003 0036 000001dd
[    3900.853039] /dev/input/event3: 0000 0002 00000000
[    3900.853042] /dev/input/event3: 0000 0000 00000000
[    3900.862920] /dev/input/event3: 0003 0039 00000000
[    3900.862935] /dev/input/event3: 0003 0030 00000020
[    3900.862937] /dev/input/event3: 0003 003a 00000020
[    3900.862940] /dev/input/event3: 0003 0035 000004c1
[    3900.862942] /dev/input/event3: 0003 0036 000001dc
[    3900.862945] /dev/input/event3: 0000 0002 00000000
[    3900.862947] /dev/input/event3: 0000 0000 00000000
[    3900.872853] /dev/input/event3: 0003 0039 00000000
[    3900.872870] /dev/input/event3: 0003 0030 00000020
[    3900.872873] /dev/input/event3: 0003 003a 00000020
[    3900.872876] /dev/input/event3: 0003 0035 000004c7
[    3900.872878] /dev/input/event3: 0003 0036 000001dc
[    3900.872881] /dev/input/event3: 0000 0002 00000000
[    3900.872883] /dev/input/event3: 0000 0000 00000000
[    3900.882807] /dev/input/event3: 0003 0039 00000000
[    3900.882821] /dev/input/event3: 0003 0030 00000020
[    3900.882824] /dev/input/event3: 0003 003a 00000020
[    3900.882827] /dev/input/event3: 0003 0035 000004cb
[    3900.882830] /dev/input/event3: 0003 0036 000001dc
[    3900.882833] /dev/input/event3: 0000 0002 00000000
[    3900.882835] /dev/input/event3: 0000 0000 00000000
[    3900.892814] /dev/input/event3: 0003 0039 00000000
[    3900.892831] /dev/input/event3: 0003 0030 00000040
[    3900.892834] /dev/input/event3: 0003 003a 00000040
[    3900.892837] /dev/input/event3: 0003 0035 000004cf
[    3900.892840] /dev/input/event3: 0003 0036 000001dc
[    3900.892843] /dev/input/event3: 0000 0002 00000000
[    3900.892845] /dev/input/event3: 0000 0000 00000000
[    3900.902793] /dev/input/event3: 0003 0039 00000000
[    3900.902820] /dev/input/event3: 0003 0030 00000040
[    3900.902822] /dev/input/event3: 0003 003a 00000040
[    3900.902825] /dev/input/event3: 0003 0035 000004d5
[    3900.902828] /dev/input/event3: 0003 0036 000001dc
[    3900.902831] /dev/input/event3: 0000 0002 00000000
[    3900.902834] /dev/input/event3: 0000 0000 00000000
[    3900.912724] /dev/input/event3: 0003 0039 00000000
[    3900.912747] /dev/input/event3: 0003 0030 00000040
[    3900.912750] /dev/input/event3: 0003 003a 00000040
[    3900.912753] /dev/input/event3: 0003 0035 000004de
[    3900.912756] /dev/input/event3: 0003 0036 000001db
[    3900.912758] /dev/input/event3: 0000 0002 00000000
[    3900.912761] /dev/input/event3: 0000 0000 00000000
[    3900.922688] /dev/input/event3: 0003 0039 00000000
[    3900.922705] /dev/input/event3: 0003 0030 00000040
[    3900.922708] /dev/input/event3: 0003 003a 00000040
[    3900.922711] /dev/input/event3: 0003 0035 000004e6
[    3900.922713] /dev/input/event3: 0003 0036 000001db
[    3900.922716] /dev/input/event3: 0000 0002 00000000
[    3900.922719] /dev/input/event3: 0000 0000 00000000
[    3900.932614] /dev/input/event3: 0003 0039 00000000
[    3900.932630] /dev/input/event3: 0003 0030 00000020
[    3900.932633] /dev/input/event3: 0003 003a 00000020
[    3900.932636] /dev/input/event3: 0003 0035 000004ed
[    3900.932639] /dev/input/event3: 0003 0036 000001db
[    3900.932642] /dev/input/event3: 0000 0002 00000000
[    3900.932644] /dev/input/event3: 0000 0000 00000000
[    3900.943112] /dev/input/event3: 0003 0039 00000000
[    3900.943130] /dev/input/event3: 0003 0030 00000020
[    3900.943133] /dev/input/event3: 0003 003a 00000020
[    3900.943136] /dev/input/event3: 0003 0035 000004f3
[    3900.943139] /dev/input/event3: 0003 0036 000001db
[    3900.943141] /dev/input/event3: 0000 0002 00000000
[    3900.943144] /dev/input/event3: 0000 0000 00000000
[    3900.953092] /dev/input/event3: 0003 0039 00000000
[    3900.953121] /dev/input/event3: 0003 0030 00000020
[    3900.953124] /dev/input/event3: 0003 003a 00000020
[    3900.953127] /dev/input/event3: 0003 0035 000004f7
[    3900.953129] /dev/input/event3: 0003 0036 000001db
[    3900.953132] /dev/input/event3: 0000 0002 00000000
[    3900.953135] /dev/input/event3: 0000 0000 00000000
[    3900.963072] /dev/input/event3: 0003 0039 00000000
[    3900.963095] /dev/input/event3: 0003 0030 00000020
[    3900.963098] /dev/input/event3: 0003 003a 00000020
[    3900.963101] /dev/input/event3: 0003 0035 000004fc
[    3900.963104] /dev/input/event3: 0003 0036 000001db
[    3900.963107] /dev/input/event3: 0000 0002 00000000
[    3900.963110] /dev/input/event3: 0000 0000 00000000
[    3900.972987] /dev/input/event3: 0003 0039 00000000
[    3900.973004] /dev/input/event3: 0003 0030 00000040
[    3900.973007] /dev/input/event3: 0003 003a 00000040
[    3900.973010] /dev/input/event3: 0003 0035 00000502
[    3900.973013] /dev/input/event3: 0003 0036 000001db
[    3900.973016] /dev/input/event3: 0000 0002 00000000
[    3900.973018] /dev/input/event3: 0000 0000 00000000
[    3900.982928] /dev/input/event3: 0003 0039 00000000
[    3900.982945] /dev/input/event3: 0003 0030 00000040
[    3900.982949] /dev/input/event3: 0003 003a 00000040
[    3900.982952] /dev/input/event3: 0003 0035 0000050a
[    3900.982956] /dev/input/event3: 0003 0036 000001db
[    3900.982959] /dev/input/event3: 0000 0002 00000000
[    3900.982962] /dev/input/event3: 0000 0000 00000000
[    3900.992910] /dev/input/event3: 0003 0039 00000000
[    3900.992931] /dev/input/event3: 0003 0030 00000040
[    3900.992935] /dev/input/event3: 0003 003a 00000040
[    3900.992938] /dev/input/event3: 0003 0035 00000514
[    3900.992942] /dev/input/event3: 0003 0036 000001db
[    3900.992945] /dev/input/event3: 0000 0002 00000000
[    3900.992948] /dev/input/event3: 0000 0000 00000000
[    3901.002932] /dev/input/event3: 0003 0039 00000000
[    3901.002962] /dev/input/event3: 0003 0030 00000020
[    3901.002966] /dev/input/event3: 0003 003a 00000020
[    3901.002969] /dev/input/event3: 0003 0035 0000051f
[    3901.002973] /dev/input/event3: 0003 0036 000001da
[    3901.002976] /dev/input/event3: 0000 0002 00000000
[    3901.002979] /dev/input/event3: 0000 0000 00000000
[    3901.012839] /dev/input/event3: 0003 0039 00000000
[    3901.012859] /dev/input/event3: 0003 0030 00000020
[    3901.012862] /dev/input/event3: 0003 003a 00000020
[    3901.012866] /dev/input/event3: 0003 0035 00000528
[    3901.012869] /dev/input/event3: 0003 0036 000001dc
[    3901.012872] /dev/input/event3: 0000 0002 00000000
[    3901.012875] /dev/input/event3: 0000 0000 00000000
[    3901.022806] /dev/input/event3: 0003 0039 00000000
[    3901.022823] /dev/input/event3: 0003 0030 00000020
[    3901.022826] /dev/input/event3: 0003 003a 00000020
[    3901.022828] /dev/input/event3: 0003 0035 0000052f
[    3901.022831] /dev/input/event3: 0003 0036 000001db
[    3901.022833] /dev/input/event3: 0000 0002 00000000
[    3901.022835] /dev/input/event3: 0000 0000 00000000
[    3901.032715] /dev/input/event3: 0003 0039 00000000
[    3901.032728] /dev/input/event3: 0003 0030 00000040
[    3901.032730] /dev/input/event3: 0003 003a 00000040
[    3901.032733] /dev/input/event3: 0003 0035 00000535
[    3901.032736] /dev/input/event3: 0003 0036 000001db
[    3901.032738] /dev/input/event3: 0000 0002 00000000
[    3901.032740] /dev/input/event3: 0000 0000 00000000
[    3901.045426] /dev/input/event3: 0003 0039 00000000
[    3901.045449] /dev/input/event3: 0003 0030 00000040
[    3901.045451] /dev/input/event3: 0003 003a 00000040
[    3901.045454] /dev/input/event3: 0003 0035 0000053c
[    3901.045456] /dev/input/event3: 0003 0036 000001db
[    3901.045459] /dev/input/event3: 0000 0002 00000000
[    3901.045461] /dev/input/event3: 0000 0000 00000000
[    3901.052626] /dev/input/event3: 0003 0039 00000000
[    3901.052652] /dev/input/event3: 0003 0030 00000040
[    3901.052655] /dev/input/event3: 0003 003a 00000040
[    3901.052658] /dev/input/event3: 0003 0035 00000549
[    3901.052660] /dev/input/event3: 0003 0036 000001db
[    3901.052663] /dev/input/event3: 0000 0002 00000000
[    3901.052665] /dev/input/event3: 0000 0000 00000000
[    3901.062544] /dev/input/event3: 0003 0039 00000000
[    3901.062558] /dev/input/event3: 0003 0030 00000020
[    3901.062560] /dev/input/event3: 0003 003a 00000020
[    3901.062563] /dev/input/event3: 0003 0035 00000554
[    3901.062565] /dev/input/event3: 0003 0036 000001db
[    3901.062568] /dev/input/event3: 0000 0002 00000000
[    3901.062570] /dev/input/event3: 0000 0000 00000000
[    3901.072542] /dev/input/event3: 0003 0039 00000000
[    3901.072561] /dev/input/event3: 0003 0030 00000020
[    3901.072564] /dev/input/event3: 0003 003a 00000020
[    3901.072566] /dev/input/event3: 0003 0035 0000055d
[    3901.072569] /dev/input/event3: 0003 0036 000001d9
[    3901.072571] /dev/input/event3: 0000 0002 00000000
[    3901.072574] /dev/input/event3: 0000 0000 00000000
[    3901.082473] /dev/input/event3: 0003 0039 00000000
[    3901.082484] /dev/input/event3: 0003 0030 00000040
[    3901.082486] /dev/input/event3: 0003 003a 00000040
[    3901.082489] /dev/input/event3: 0003 0035 00000564
[    3901.082491] /dev/input/event3: 0003 0036 000001d9
[    3901.082494] /dev/input/event3: 0000 0002 00000000
[    3901.082496] /dev/input/event3: 0000 0000 00000000
[    3901.092443] /dev/input/event3: 0003 0039 00000000
[    3901.092458] /dev/input/event3: 0003 0030 00000040
[    3901.092460] /dev/input/event3: 0003 003a 00000040
[    3901.092463] /dev/input/event3: 0003 0035 0000056c
[    3901.092465] /dev/input/event3: 0003 0036 000001da
[    3901.092467] /dev/input/event3: 0000 0002 00000000
[    3901.092470] /dev/input/event3: 0000 0000 00000000
[    3901.102461] /dev/input/event3: 0003 0039 00000000
[    3901.102487] /dev/input/event3: 0003 0030 00000040
[    3901.102490] /dev/input/event3: 0003 003a 00000040
[    3901.102493] /dev/input/event3: 0003 0035 00000579
[    3901.102495] /dev/input/event3: 0003 0036 000001d9
[    3901.102498] /dev/input/event3: 0000 0002 00000000
[    3901.102500] /dev/input/event3: 0000 0000 00000000
[    3901.112370] /dev/input/event3: 0003 0039 00000000
[    3901.112385] /dev/input/event3: 0003 0030 00000020
[    3901.112387] /dev/input/event3: 0003 003a 00000020
[    3901.112390] /dev/input/event3: 0003 0035 00000587
[    3901.112392] /dev/input/event3: 0003 0036 000001d9
[    3901.112395] /dev/input/event3: 0000 0002 00000000
[    3901.112397] /dev/input/event3: 0000 0000 00000000
[    3901.122384] /dev/input/event3: 0003 0039 00000000
[    3901.122407] /dev/input/event3: 0003 0030 00000020
[    3901.122411] /dev/input/event3: 0003 003a 00000020
[    3901.122415] /dev/input/event3: 0003 0035 00000591
[    3901.122419] /dev/input/event3: 0003 0036 000001da
[    3901.122422] /dev/input/event3: 0000 0002 00000000
[    3901.122426] /dev/input/event3: 0000 0000 00000000
[    3901.132301] /dev/input/event3: 0003 0039 00000000
[    3901.132319] /dev/input/event3: 0003 0030 00000020
[    3901.132322] /dev/input/event3: 0003 003a 00000020
[    3901.132326] /dev/input/event3: 0003 0035 00000598
[    3901.132330] /dev/input/event3: 0003 0036 000001da
[    3901.132334] /dev/input/event3: 0000 0002 00000000
[    3901.132337] /dev/input/event3: 0000 0000 00000000
[    3901.142829] /dev/input/event3: 0003 0039 00000000
[    3901.142850] /dev/input/event3: 0003 0030 00000040
[    3901.142853] /dev/input/event3: 0003 003a 00000040
[    3901.142857] /dev/input/event3: 0003 0035 000005a1
[    3901.142861] /dev/input/event3: 0003 0036 000001da
[    3901.142865] /dev/input/event3: 0000 0002 00000000
[    3901.142868] /dev/input/event3: 0000 0000 00000000
[    3901.152820] /dev/input/event3: 0003 0039 00000000
[    3901.152840] /dev/input/event3: 0003 0030 00000040
[    3901.152844] /dev/input/event3: 0003 003a 00000040
[    3901.152848] /dev/input/event3: 0003 0035 000005ad
[    3901.152852] /dev/input/event3: 0003 0036 000001d9
[    3901.152856] /dev/input/event3: 0000 0002 00000000
[    3901.152859] /dev/input/event3: 0000 0000 00000000
[    3901.162749] /dev/input/event3: 0003 0039 00000000
[    3901.162767] /dev/input/event3: 0003 0030 00000020
[    3901.162771] /dev/input/event3: 0003 003a 00000020
[    3901.162775] /dev/input/event3: 0003 0035 000005bc
[    3901.162778] /dev/input/event3: 0003 0036 000001d9
[    3901.162782] /dev/input/event3: 0000 0002 00000000
[    3901.162785] /dev/input/event3: 0000 0000 00000000
[    3901.172726] /dev/input/event3: 0003 0039 00000000
[    3901.172748] /dev/input/event3: 0003 0030 00000020
[    3901.172751] /dev/input/event3: 0003 003a 00000020
[    3901.172755] /dev/input/event3: 0003 0035 000005c5
[    3901.172759] /dev/input/event3: 0003 0036 000001d9
[    3901.172763] /dev/input/event3: 0000 0002 00000000
[    3901.172766] /dev/input/event3: 0000 0000 00000000
[    3901.182678] /dev/input/event3: 0003 0039 00000000
[    3901.182704] /dev/input/event3: 0003 0030 00000020
[    3901.182708] /dev/input/event3: 0003 003a 00000020
[    3901.182711] /dev/input/event3: 0003 0035 000005cb
[    3901.182715] /dev/input/event3: 0003 0036 000001d9
[    3901.182719] /dev/input/event3: 0000 0002 00000000
[    3901.182722] /dev/input/event3: 0000 0000 00000000
[    3901.192697] /dev/input/event3: 0003 0039 00000000
[    3901.192725] /dev/input/event3: 0003 0030 00000040
[    3901.192728] /dev/input/event3: 0003 003a 00000040
[    3901.192732] /dev/input/event3: 0003 0035 000005d1
[    3901.192735] /dev/input/event3: 0003 0036 000001d9
[    3901.192739] /dev/input/event3: 0000 0002 00000000
[    3901.192743] /dev/input/event3: 0000 0000 00000000
[    3901.202656] /dev/input/event3: 0003 0039 00000000
[    3901.202679] /dev/input/event3: 0003 0030 00000040
[    3901.202683] /dev/input/event3: 0003 003a 00000040
[    3901.202687] /dev/input/event3: 0003 0035 000005d6
[    3901.202691] /dev/input/event3: 0003 0036 000001d9
[    3901.202694] /dev/input/event3: 0000 0002 00000000
[    3901.202698] /dev/input/event3: 0000 0000 00000000
[    3901.212544] /dev/input/event3: 0003 0039 00000000
[    3901.212565] /dev/input/event3: 0003 0030 00000040
[    3901.212569] /dev/input/event3: 0003 003a 00000040
[    3901.212573] /dev/input/event3: 0003 0035 000005db
[    3901.212577] /dev/input/event3: 0003 0036 000001d9
[    3901.212580] /dev/input/event3: 0000 0002 00000000
[    3901.212584] /dev/input/event3: 0000 0000 00000000
[    3901.222471] /dev/input/event3: 0003 0039 00000000
[    3901.222492] /dev/input/event3: 0003 0030 00000040
[    3901.222496] /dev/input/event3: 0003 003a 00000040
[    3901.222501] /dev/input/event3: 0003 0035 000005e3
[    3901.222505] /dev/input/event3: 0003 0036 000001d9
[    3901.222509] /dev/input/event3: 0000 0002 00000000
[    3901.222513] /dev/input/event3: 0000 0000 00000000
[    3901.232403] /dev/input/event3: 0003 0039 00000000
[    3901.232423] /dev/input/event3: 0003 0030 00000040
[    3901.232428] /dev/input/event3: 0003 003a 00000040
[    3901.232432] /dev/input/event3: 0003 0035 000005ea
[    3901.232436] /dev/input/event3: 0003 0036 000001d9
[    3901.232441] /dev/input/event3: 0000 0002 00000000
[    3901.232444] /dev/input/event3: 0000 0000 00000000
[    3901.242426] /dev/input/event3: 0003 0039 00000000
[    3901.242448] /dev/input/event3: 0003 0030 00000020
[    3901.242453] /dev/input/event3: 0003 003a 00000020
[    3901.242457] /dev/input/event3: 0003 0035 000005ef
[    3901.242462] /dev/input/event3: 0003 0036 000001d9
[    3901.242466] /dev/input/event3: 0000 0002 00000000
[    3901.242470] /dev/input/event3: 0000 0000 00000000
[    3901.252411] /dev/input/event3: 0003 0039 00000000
[    3901.252432] /dev/input/event3: 0003 0030 00000020
[    3901.252437] /dev/input/event3: 0003 003a 00000020
[    3901.252441] /dev/input/event3: 0003 0035 000005f4
[    3901.252446] /dev/input/event3: 0003 0036 000001d9
[    3901.252450] /dev/input/event3: 0000 0002 00000000
[    3901.252454] /dev/input/event3: 0000 0000 00000000
[    3901.262296] /dev/input/event3: 0003 0039 00000000
[    3901.262317] /dev/input/event3: 0003 0030 00000020
[    3901.262321] /dev/input/event3: 0003 003a 00000020
[    3901.262326] /dev/input/event3: 0003 0035 000005f7
[    3901.262330] /dev/input/event3: 0003 0036 000001d9
[    3901.262334] /dev/input/event3: 0000 0002 00000000
[    3901.262338] /dev/input/event3: 0000 0000 00000000
[    3901.272291] /dev/input/event3: 0003 0039 00000000
[    3901.272314] /dev/input/event3: 0003 0030 00000040
[    3901.272318] /dev/input/event3: 0003 003a 00000040
[    3901.272322] /dev/input/event3: 0003 0035 000005f9
[    3901.272327] /dev/input/event3: 0003 0036 000001d9
[    3901.272331] /dev/input/event3: 0000 0002 00000000
[    3901.272334] /dev/input/event3: 0000 0000 00000000
[    3901.282204] /dev/input/event3: 0003 0039 00000000
[    3901.282221] /dev/input/event3: 0003 0030 00000020
[    3901.282225] /dev/input/event3: 0003 003a 00000020
[    3901.282230] /dev/input/event3: 0003 0035 000005fb
[    3901.282234] /dev/input/event3: 0003 0036 000001d9
[    3901.282238] /dev/input/event3: 0000 0002 00000000
[    3901.282242] /dev/input/event3: 0000 0000 00000000
[    3901.292225] /dev/input/event3: 0003 0039 00000000
[    3901.292256] /dev/input/event3: 0003 0030 00000040
[    3901.292260] /dev/input/event3: 0003 003a 00000040
[    3901.292264] /dev/input/event3: 0003 0035 000005fc
[    3901.292269] /dev/input/event3: 0003 0036 000001d8
[    3901.292273] /dev/input/event3: 0000 0002 00000000
[    3901.292276] /dev/input/event3: 0000 0000 00000000
[    3901.302218] /dev/input/event3: 0003 0039 00000000
[    3901.302238] /dev/input/event3: 0003 0030 00000040
[    3901.302242] /dev/input/event3: 0003 003a 00000040
[    3901.302247] /dev/input/event3: 0003 0035 000005fe
[    3901.302251] /dev/input/event3: 0003 0036 000001d8
[    3901.302255] /dev/input/event3: 0000 0002 00000000
[    3901.302259] /dev/input/event3: 0000 0000 00000000
[    3901.312163] /dev/input/event3: 0003 0039 00000000
[    3901.312184] /dev/input/event3: 0003 0030 00000040
[    3901.312188] /dev/input/event3: 0003 003a 00000040
[    3901.312193] /dev/input/event3: 0003 0035 000005ff
[    3901.312197] /dev/input/event3: 0003 0036 000001d8
[    3901.312201] /dev/input/event3: 0000 0002 00000000
[    3901.312205] /dev/input/event3: 0000 0000 00000000
[    3901.332070] /dev/input/event3: 0003 0039 00000000
[    3901.332094] /dev/input/event3: 0003 0030 00000020
[    3901.332099] /dev/input/event3: 0003 003a 00000020
[    3901.332104] /dev/input/event3: 0003 0035 00000600
[    3901.332110] /dev/input/event3: 0003 0036 000001d8
[    3901.332115] /dev/input/event3: 0000 0002 00000000
[    3901.332119] /dev/input/event3: 0000 0000 00000000
[    3901.342678] /dev/input/event3: 0003 0039 00000000
[    3901.342722] /dev/input/event3: 0003 0030 00000020
[    3901.342728] /dev/input/event3: 0003 003a 00000020
[    3901.342733] /dev/input/event3: 0003 0035 00000601
[    3901.342739] /dev/input/event3: 0003 0036 000001d8
[    3901.342744] /dev/input/event3: 0000 0002 00000000
[    3901.342749] /dev/input/event3: 0000 0000 00000000
[    3901.352581] /dev/input/event3: 0003 0039 00000000
[    3901.352612] /dev/input/event3: 0003 0030 00000020
[    3901.352618] /dev/input/event3: 0003 003a 00000020
[    3901.352624] /dev/input/event3: 0003 0035 00000602
[    3901.352628] /dev/input/event3: 0003 0036 000001d8
[    3901.352633] /dev/input/event3: 0000 0002 00000000
[    3901.352639] /dev/input/event3: 0000 0000 00000000
[    3901.372330] /dev/input/event3: 0003 0039 00000000
[    3901.372366] /dev/input/event3: 0003 0030 00000020
[    3901.372372] /dev/input/event3: 0003 003a 00000020
[    3901.372378] /dev/input/event3: 0003 0035 00000603
[    3901.372383] /dev/input/event3: 0003 0036 000001d8
[    3901.372388] /dev/input/event3: 0000 0002 00000000
[    3901.372392] /dev/input/event3: 0000 0000 00000000
[    3901.402519] /dev/input/event3: 0000 0002 00000000
[    3901.402547] /dev/input/event3: 0000 0000 00000000
[    3903.341934] /dev/input/event3: 0003 0039 00000000
[    3903.341971] /dev/input/event3: 0003 0030 00000080
[    3903.341978] /dev/input/event3: 0003 003a 00000080
[    3903.341985] /dev/input/event3: 0003 0035 0000044d
[    3903.341991] /dev/input/event3: 0003 0036 000001eb
[    3903.341998] /dev/input/event3: 0000 0002 00000000
[    3903.342004] /dev/input/event3: 0000 0000 00000000
[    3903.410958] /dev/input/event3: 0000 0002 00000000
[    3903.410984] /dev/input/event3: 0000 0000 00000000
[    3904.137308] /dev/input/event3: 0003 0039 00000000
[    3904.137339] /dev/input/event3: 0003 0030 00000060
[    3904.137346] /dev/input/event3: 0003 003a 00000060
[    3904.137353] /dev/input/event3: 0003 0035 00000432
[    3904.137360] /dev/input/event3: 0003 0036 000001d1
[    3904.137367] /dev/input/event3: 0000 0002 00000000
[    3904.137372] /dev/input/event3: 0000 0000 00000000
[    3904.216676] /dev/input/event3: 0000 0002 00000000
[    3904.216773] /dev/input/event3: 0000 0000 00000000
[    3904.924232] /dev/input/event3: 0003 0039 00000000
[    3904.924340] /dev/input/event3: 0003 0030 00000080
[    3904.924367] /dev/input/event3: 0003 003a 00000080
[    3904.924398] /dev/input/event3: 0003 0035 00000422
[    3904.924427] /dev/input/event3: 0003 0036 00000203
[    3904.924455] /dev/input/event3: 0000 0002 00000000
[    3904.924478] /dev/input/event3: 0000 0000 00000000
[    3904.994023] /dev/input/event3: 0000 0002 00000000
[    3904.994081] /dev/input/event3: 0000 0000 00000000
