[   14444.947853] /dev/input/event0: 0003 0000 00000177
[   14444.958173] /dev/input/event0: 0003 0001 0000039a
[   14444.958794] /dev/input/event0: 0001 014a 00000001
[   14444.959027] /dev/input/event0: 0000 0000 00000000
[   14445.120096] /dev/input/event0: 0003 0000 00000181
[   14445.120582] /dev/input/event0: 0000 0000 00000000
[   14445.146389] /dev/input/event0: 0003 0000 00000189
[   14445.146521] /dev/input/event0: 0003 0001 00000397
[   14445.146573] /dev/input/event0: 0000 0000 00000000
[   14445.161850] /dev/input/event0: 0003 0000 0000019b
[   14445.161908] /dev/input/event0: 0003 0001 0000038a
[   14445.161952] /dev/input/event0: 0000 0000 00000000
[   14445.178693] /dev/input/event0: 0003 0000 000001a2
[   14445.178770] /dev/input/event0: 0003 0001 00000386
[   14445.178821] /dev/input/event0: 0000 0000 00000000
[   14445.199843] /dev/input/event0: 0003 0000 000001b9
[   14445.199906] /dev/input/event0: 0003 0001 0000037b
[   14445.199953] /dev/input/event0: 0000 0000 00000000
[   14445.216513] /dev/input/event0: 0003 0000 000001c1
[   14445.216579] /dev/input/event0: 0003 0001 00000378
[   14445.216626] /dev/input/event0: 0000 0000 00000000
[   14445.233646] /dev/input/event0: 0003 0000 000001ca
[   14445.233709] /dev/input/event0: 0003 0001 00000373
[   14445.233755] /dev/input/event0: 0000 0000 00000000
[   14445.244109] /dev/input/event0: 0003 0000 000001d8
[   14445.244169] /dev/input/event0: 0003 0001 0000036a
[   14445.244216] /dev/input/event0: 0000 0000 00000000
[   14445.260503] /dev/input/event0: 0003 0000 000001dd
[   14445.260570] /dev/input/event0: 0003 0001 00000367
[   14445.260655] /dev/input/event0: 0000 0000 00000000
[   14445.273789] /dev/input/event0: 0003 0000 000001eb
[   14445.273852] /dev/input/event0: 0003 0001 0000035b
[   14445.273900] /dev/input/event0: 0000 0000 00000000
[   14445.290437] /dev/input/event0: 0003 0000 000001ee
[   14445.290499] /dev/input/event0: 0003 0001 00000356
[   14445.290545] /dev/input/event0: 0000 0000 00000000
[   14445.310994] /dev/input/event0: 0003 0000 000001ff
[   14445.311053] /dev/input/event0: 0003 0001 00000349
[   14445.311097] /dev/input/event0: 0000 0000 00000000
[   14445.327295] /dev/input/event0: 0003 0000 00000205
[   14445.327360] /dev/input/event0: 0003 0001 00000348
[   14445.327404] /dev/input/event0: 0000 0000 00000000
[   14445.339887] /dev/input/event0: 0003 0000 0000020d
[   14445.339945] /dev/input/event0: 0003 0001 00000341
[   14445.339987] /dev/input/event0: 0000 0000 00000000
[   14445.361170] /dev/input/event0: 0003 0000 00000220
[   14445.361231] /dev/input/event0: 0003 0001 00000339
[   14445.361278] /dev/input/event0: 0000 0000 00000000
[   14445.376700] /dev/input/event0: 0003 0000 0000022e
[   14445.376775] /dev/input/event0: 0003 0001 0000032f
[   14445.376827] /dev/input/event0: 0000 0000 00000000
[   14445.390659] /dev/input/event0: 0003 0000 00000232
[   14445.390778] /dev/input/event0: 0000 0000 00000000
[   14445.538174] /dev/input/event0: 0003 0000 00000238
[   14445.538243] /dev/input/event0: 0003 0001 0000032d
[   14445.538290] /dev/input/event0: 0000 0000 00000000
[   14445.551516] /dev/input/event0: 0003 0000 00000246
[   14445.551573] /dev/input/event0: 0003 0001 00000328
[   14445.551616] /dev/input/event0: 0000 0000 00000000
[   14445.569160] /dev/input/event0: 0003 0000 00000249
[   14445.569243] /dev/input/event0: 0000 0000 00000000
[   14445.586192] /dev/input/event0: 0003 0000 0000024b
[   14445.586255] /dev/input/event0: 0003 0001 00000327
[   14445.586303] /dev/input/event0: 0000 0000 00000000
[   14445.603615] /dev/input/event0: 0003 0000 0000024c
[   14445.603728] /dev/input/event0: 0000 0000 00000000
[   14445.660189] /dev/input/event0: 0003 0000 0000024e
[   14445.660258] /dev/input/event0: 0003 0001 00000325
[   14445.660300] /dev/input/event0: 0000 0000 00000000
[   14445.678237] /dev/input/event0: 0003 0000 00000251
[   14445.678298] /dev/input/event0: 0003 0001 00000323
[   14445.678341] /dev/input/event0: 0000 0000 00000000
[   14445.695508] /dev/input/event0: 0003 0000 00000258
[   14445.695607] /dev/input/event0: 0003 0001 00000320
[   14445.695681] /dev/input/event0: 0000 0000 00000000
[   14445.713238] /dev/input/event0: 0003 0000 0000025b
[   14445.713300] /dev/input/event0: 0003 0001 0000031e
[   14445.713347] /dev/input/event0: 0000 0000 00000000
[   14445.730587] /dev/input/event0: 0003 0000 0000025e
[   14445.730670] /dev/input/event0: 0003 0001 0000031d
[   14445.730719] /dev/input/event0: 0000 0000 00000000
[   14445.748179] /dev/input/event0: 0003 0000 00000260
[   14445.748238] /dev/input/event0: 0003 0001 0000031b
[   14445.748280] /dev/input/event0: 0000 0000 00000000
[   14445.765097] /dev/input/event0: 0003 0000 00000262
[   14445.765161] /dev/input/event0: 0003 0001 00000319
[   14445.765205] /dev/input/event0: 0000 0000 00000000
[   14445.782215] /dev/input/event0: 0003 0000 00000263
[   14445.782271] /dev/input/event0: 0003 0001 00000318
[   14445.782312] /dev/input/event0: 0000 0000 00000000
[   14445.799589] /dev/input/event0: 0003 0000 00000265
[   14445.799675] /dev/input/event0: 0000 0000 00000000
[   14446.109268] /dev/input/event0: 0001 014a 00000000
[   14446.109393] /dev/input/event0: 0000 0000 00000000
[   14449.316381] /dev/input/event0: 0003 0000 000001c5
[   14449.316449] /dev/input/event0: 0003 0001 00000440
[   14449.316487] /dev/input/event0: 0001 014a 00000001
[   14449.316516] /dev/input/event0: 0000 0000 00000000
[   14449.334468] /dev/input/event0: 0001 014a 00000000
[   14449.334572] /dev/input/event0: 0000 0000 00000000
[   14456.734060] /dev/input/event0: 0003 0000 000000d3
[   14456.734137] /dev/input/event0: 0003 0001 000000df
[   14456.734182] /dev/input/event0: 0001 014a 00000001
[   14456.734217] /dev/input/event0: 0000 0000 00000000
[   14456.750774] /dev/input/event0: 0001 014a 00000000
[   14456.750848] /dev/input/event0: 0000 0000 00000000
