[   15548.848534] /dev/input/event0: 0003 0000 0000016b
[   15548.848688] /dev/input/event0: 0003 0001 00000392
[   15548.848862] /dev/input/event0: 0001 014a 00000001
[   15548.849272] /dev/input/event0: 0000 0000 00000000
[   15548.917547] /dev/input/event0: 0003 0000 0000016d
[   15548.917626] /dev/input/event0: 0003 0001 00000390
[   15548.917701] /dev/input/event0: 0000 0000 00000000
[   15548.936199] /dev/input/event0: 0003 0000 00000172
[   15548.936300] /dev/input/event0: 0003 0001 0000038d
[   15548.936572] /dev/input/event0: 0000 0000 00000000
[   15548.953666] /dev/input/event0: 0003 0000 00000175
[   15548.953756] /dev/input/event0: 0003 0001 0000038a
[   15548.953825] /dev/input/event0: 0000 0000 00000000
[   15548.970794] /dev/input/event0: 0003 0000 0000017c
[   15548.970854] /dev/input/event0: 0003 0001 00000386
[   15548.970898] /dev/input/event0: 0000 0000 00000000
[   15548.987808] /dev/input/event0: 0003 0000 00000181
[   15548.987893] /dev/input/event0: 0003 0001 00000383
[   15548.987960] /dev/input/event0: 0000 0000 00000000
[   15549.004769] /dev/input/event0: 0003 0000 00000186
[   15549.004825] /dev/input/event0: 0003 0001 00000380
[   15549.004867] /dev/input/event0: 0000 0000 00000000
[   15549.022255] /dev/input/event0: 0003 0000 0000018b
[   15549.022374] /dev/input/event0: 0003 0001 0000037e
[   15549.022467] /dev/input/event0: 0000 0000 00000000
[   15549.039832] /dev/input/event0: 0003 0000 00000190
[   15549.039935] /dev/input/event0: 0003 0001 0000037b
[   15549.040009] /dev/input/event0: 0000 0000 00000000
[   15549.056503] /dev/input/event0: 0003 0000 00000198
[   15549.056565] /dev/input/event0: 0003 0001 00000379
[   15549.056611] /dev/input/event0: 0000 0000 00000000
[   15549.073528] /dev/input/event0: 0003 0000 0000019d
[   15549.073605] /dev/input/event0: 0003 0001 00000378
[   15549.073659] /dev/input/event0: 0000 0000 00000000
[   15549.090552] /dev/input/event0: 0003 0000 000001a0
[   15549.090617] /dev/input/event0: 0003 0001 00000376
[   15549.090662] /dev/input/event0: 0000 0000 00000000
[   15549.107904] /dev/input/event0: 0003 0000 000001a5
[   15549.107977] /dev/input/event0: 0003 0001 0000036f
[   15549.108026] /dev/input/event0: 0000 0000 00000000
[   15549.124615] /dev/input/event0: 0003 0000 000001aa
[   15549.124672] /dev/input/event0: 0003 0001 0000036e
[   15549.124713] /dev/input/event0: 0000 0000 00000000
[   15549.141657] /dev/input/event0: 0003 0000 000001af
[   15549.141733] /dev/input/event0: 0003 0001 0000036c
[   15549.141785] /dev/input/event0: 0000 0000 00000000
[   15549.159183] /dev/input/event0: 0003 0000 000001b2
[   15549.159295] /dev/input/event0: 0003 0001 0000036a
[   15549.159351] /dev/input/event0: 0000 0000 00000000
[   15549.176420] /dev/input/event0: 0003 0000 000001b6
[   15549.176484] /dev/input/event0: 0003 0001 00000369
[   15549.176529] /dev/input/event0: 0000 0000 00000000
[   15549.193399] /dev/input/event0: 0003 0000 000001bb
[   15549.193467] /dev/input/event0: 0003 0001 00000365
[   15549.193534] /dev/input/event0: 0000 0000 00000000
[   15549.210427] /dev/input/event0: 0003 0000 000001bc
[   15549.210504] /dev/input/event0: 0003 0001 00000364
[   15549.210549] /dev/input/event0: 0000 0000 00000000
[   15549.227659] /dev/input/event0: 0003 0000 000001c0
[   15549.227774] /dev/input/event0: 0003 0001 00000362
[   15549.227850] /dev/input/event0: 0000 0000 00000000
[   15549.244502] /dev/input/event0: 0003 0000 000001c1
[   15549.244553] /dev/input/event0: 0003 0001 0000035f
[   15549.244593] /dev/input/event0: 0000 0000 00000000
[   15549.261332] /dev/input/event0: 0003 0000 000001c6
[   15549.261399] /dev/input/event0: 0003 0001 0000035b
[   15549.261449] /dev/input/event0: 0000 0000 00000000
[   15549.278564] /dev/input/event0: 0003 0000 000001cd
[   15549.278665] /dev/input/event0: 0003 0001 00000358
[   15549.278740] /dev/input/event0: 0000 0000 00000000
[   15549.295351] /dev/input/event0: 0003 0000 000001d4
[   15549.295410] /dev/input/event0: 0003 0001 00000353
[   15549.295453] /dev/input/event0: 0000 0000 00000000
[   15549.312237] /dev/input/event0: 0003 0000 000001da
[   15549.312305] /dev/input/event0: 0003 0001 0000034d
[   15549.312351] /dev/input/event0: 0000 0000 00000000
[   15549.329054] /dev/input/event0: 0003 0000 000001e1
[   15549.329150] /dev/input/event0: 0003 0001 00000349
[   15549.329204] /dev/input/event0: 0000 0000 00000000
[   15549.346585] /dev/input/event0: 0003 0000 000001e7
[   15549.346657] /dev/input/event0: 0003 0001 00000344
[   15549.346735] /dev/input/event0: 0000 0000 00000000
[   15549.363486] /dev/input/event0: 0003 0000 000001ee
[   15549.363598] /dev/input/event0: 0003 0001 0000033e
[   15549.363663] /dev/input/event0: 0000 0000 00000000
[   15549.397523] /dev/input/event0: 0003 0000 000001fb
[   15549.397592] /dev/input/event0: 0003 0001 00000337
[   15549.397642] /dev/input/event0: 0000 0000 00000000
[   15549.405115] /dev/input/event0: 0003 0000 00000200
[   15549.405115] /dev/input/event0: 0003 0001 00000330
[   15549.405115] /dev/input/event0: 0000 0000 00000000
[   15549.431878] /dev/input/event0: 0003 0000 00000203
[   15549.432102] /dev/input/event0: 0003 0001 0000032f
[   15549.432183] /dev/input/event0: 0000 0000 00000000
[   15549.448288] /dev/input/event0: 0003 0000 00000208
[   15549.448373] /dev/input/event0: 0003 0001 0000032b
[   15549.448453] /dev/input/event0: 0000 0000 00000000
[   15549.465081] /dev/input/event0: 0003 0000 0000020c
[   15549.465132] /dev/input/event0: 0003 0001 0000032a
[   15549.465176] /dev/input/event0: 0000 0000 00000000
[   15549.482202] /dev/input/event0: 0003 0000 0000020f
[   15549.482274] /dev/input/event0: 0003 0001 00000327
[   15549.482322] /dev/input/event0: 0000 0000 00000000
[   15549.499177] /dev/input/event0: 0003 0000 00000212
[   15549.499246] /dev/input/event0: 0003 0001 00000325
[   15549.499290] /dev/input/event0: 0000 0000 00000000
[   15549.516267] /dev/input/event0: 0003 0000 00000216
[   15549.516327] /dev/input/event0: 0003 0001 00000323
[   15549.516373] /dev/input/event0: 0000 0000 00000000
[   15549.533167] /dev/input/event0: 0003 0000 00000219
[   15549.533234] /dev/input/event0: 0003 0001 00000322
[   15549.533281] /dev/input/event0: 0000 0000 00000000
[   15549.553246] /dev/input/event0: 0003 0000 0000021c
[   15549.553307] /dev/input/event0: 0003 0001 0000031e
[   15549.553354] /dev/input/event0: 0000 0000 00000000
[   15549.570018] /dev/input/event0: 0003 0000 0000021e
[   15549.570085] /dev/input/event0: 0003 0001 0000031d
[   15549.570126] /dev/input/event0: 0000 0000 00000000
[   15549.587042] /dev/input/event0: 0003 0000 00000220
[   15549.587157] /dev/input/event0: 0003 0001 0000031b
[   15549.587237] /dev/input/event0: 0000 0000 00000000
[   15549.605130] /dev/input/event0: 0003 0001 00000319
[   15549.605204] /dev/input/event0: 0000 0000 00000000
[   15549.883980] /dev/input/event0: 0003 0000 00000221
[   15549.884077] /dev/input/event0: 0000 0000 00000000
[   15549.901726] /dev/input/event0: 0003 0000 00000223
[   15549.901798] /dev/input/event0: 0003 0001 00000318
[   15549.901849] /dev/input/event0: 0000 0000 00000000
[   15549.953201] /dev/input/event0: 0003 0001 00000316
[   15549.953293] /dev/input/event0: 0000 0000 00000000
[   15549.970934] /dev/input/event0: 0003 0000 00000225
[   15549.971017] /dev/input/event0: 0003 0001 00000314
[   15549.971074] /dev/input/event0: 0000 0000 00000000
[   15549.987600] /dev/input/event0: 0003 0000 0000022a
[   15549.987673] /dev/input/event0: 0003 0001 00000313
[   15549.987728] /dev/input/event0: 0000 0000 00000000
[   15550.004183] /dev/input/event0: 0003 0000 0000022b
[   15550.004183] /dev/input/event0: 0003 0001 00000311
[   15550.004183] /dev/input/event0: 0000 0000 00000000
[   15550.022324] /dev/input/event0: 0003 0000 0000022d
[   15550.022502] /dev/input/event0: 0000 0000 00000000
[   15550.039663] /dev/input/event0: 0003 0000 0000022e
[   15550.039723] /dev/input/event0: 0003 0001 0000030f
[   15550.039767] /dev/input/event0: 0000 0000 00000000
[   15550.107642] /dev/input/event0: 0003 0000 00000230
[   15550.107793] /dev/input/event0: 0000 0000 00000000
[   15550.124648] /dev/input/event0: 0003 0001 0000030e
[   15550.124718] /dev/input/event0: 0000 0000 00000000
[   15550.141591] /dev/input/event0: 0003 0000 00000232
[   15550.141816] /dev/input/event0: 0000 0000 00000000
[   15550.158463] /dev/input/event0: 0003 0001 0000030c
[   15550.158554] /dev/input/event0: 0000 0000 00000000
[   15550.175616] /dev/input/event0: 0003 0000 00000233
[   15550.175672] /dev/input/event0: 0003 0001 0000030a
[   15550.175714] /dev/input/event0: 0000 0000 00000000
[   15550.192586] /dev/input/event0: 0003 0000 00000235
[   15550.192681] /dev/input/event0: 0000 0000 00000000
[   15550.210017] /dev/input/event0: 0003 0000 00000237
[   15550.210171] /dev/input/event0: 0003 0001 00000307
[   15550.210283] /dev/input/event0: 0000 0000 00000000
[   15551.231826] /dev/input/event0: 0001 014a 00000000
[   15551.231959] /dev/input/event0: 0000 0000 00000000
[   15555.375725] /dev/input/event0: 0003 0000 000001e9
[   15555.375784] /dev/input/event0: 0003 0001 00000437
[   15555.375821] /dev/input/event0: 0001 014a 00000001
[   15555.375849] /dev/input/event0: 0000 0000 00000000
[   15555.499358] /dev/input/event0: 0001 014a 00000000
[   15555.499491] /dev/input/event0: 0000 0000 00000000
