add device 1: /dev/input/event1
  name:     "gpio-keys"
add device 2: /dev/input/event2
  name:     "tegra-kbc"
add device 3: /dev/input/event3
  name:     "atmel-maxtouch"
add device 4: /dev/input/event0
  name:     "lid_input"
[    3149.271013] /dev/input/event1: 0001 0074 00000001
[    3149.271724] /dev/input/event1: 0000 0000 00000000
[    3149.490375] /dev/input/event1: 0001 0074 00000000
[    3149.490402] /dev/input/event1: 0000 0000 00000000
[    3150.482534] /dev/input/event3: 0003 0039 00000000
[    3150.482557] /dev/input/event3: 0003 0030 00000040
[    3150.482560] /dev/input/event3: 0003 003a 00000040
[    3150.482563] /dev/input/event3: 0003 0035 00000446
[    3150.482565] /dev/input/event3: 0003 0036 00000209
[    3150.482568] /dev/input/event3: 0000 0002 00000000
[    3150.482570] /dev/input/event3: 0000 0000 00000000
[    3150.532292] /dev/input/event3: 0003 0039 00000000
[    3150.532310] /dev/input/event3: 0003 0030 00000020
[    3150.532312] /dev/input/event3: 0003 003a 00000020
[    3150.532315] /dev/input/event3: 0003 0035 00000461
[    3150.532317] /dev/input/event3: 0003 0036 000001f2
[    3150.532320] /dev/input/event3: 0000 0002 00000000
[    3150.532322] /dev/input/event3: 0000 0000 00000000
[    3150.542226] /dev/input/event3: 0003 0039 00000000
[    3150.542240] /dev/input/event3: 0003 0030 00000040
[    3150.542242] /dev/input/event3: 0003 003a 00000040
[    3150.542245] /dev/input/event3: 0003 0035 00000473
[    3150.542248] /dev/input/event3: 0003 0036 000001e3
[    3150.542250] /dev/input/event3: 0000 0002 00000000
[    3150.542253] /dev/input/event3: 0000 0000 00000000
[    3150.552232] /dev/input/event3: 0003 0039 00000000
[    3150.552248] /dev/input/event3: 0003 0030 00000060
[    3150.552251] /dev/input/event3: 0003 003a 00000060
[    3150.552253] /dev/input/event3: 0003 0035 00000486
[    3150.552256] /dev/input/event3: 0003 0036 000001d9
[    3150.552258] /dev/input/event3: 0000 0002 00000000
[    3150.552261] /dev/input/event3: 0000 0000 00000000
[    3150.562185] /dev/input/event3: 0003 0039 00000000
[    3150.562199] /dev/input/event3: 0003 0030 00000040
[    3150.562201] /dev/input/event3: 0003 003a 00000040
[    3150.562204] /dev/input/event3: 0003 0035 00000497
[    3150.562206] /dev/input/event3: 0003 0036 000001c6
[    3150.562209] /dev/input/event3: 0000 0002 00000000
[    3150.562211] /dev/input/event3: 0000 0000 00000000
[    3150.572141] /dev/input/event3: 0003 0039 00000000
[    3150.572154] /dev/input/event3: 0003 0030 00000040
[    3150.572156] /dev/input/event3: 0003 003a 00000040
[    3150.572159] /dev/input/event3: 0003 0035 0000049f
[    3150.572161] /dev/input/event3: 0003 0036 000001be
[    3150.572164] /dev/input/event3: 0000 0002 00000000
[    3150.572166] /dev/input/event3: 0000 0000 00000000
[    3150.582112] /dev/input/event3: 0003 0039 00000000
[    3150.582129] /dev/input/event3: 0003 0030 00000040
[    3150.582131] /dev/input/event3: 0003 003a 00000040
[    3150.582134] /dev/input/event3: 0003 0035 000004ab
[    3150.582136] /dev/input/event3: 0003 0036 000001b5
[    3150.582139] /dev/input/event3: 0000 0002 00000000
[    3150.582141] /dev/input/event3: 0000 0000 00000000
[    3150.592108] /dev/input/event3: 0003 0039 00000000
[    3150.592125] /dev/input/event3: 0003 0030 00000080
[    3150.592128] /dev/input/event3: 0003 003a 00000080
[    3150.592131] /dev/input/event3: 0003 0035 000004bc
[    3150.592133] /dev/input/event3: 0003 0036 000001a8
[    3150.592135] /dev/input/event3: 0000 0002 00000000
[    3150.592138] /dev/input/event3: 0000 0000 00000000
[    3150.602062] /dev/input/event3: 0003 0039 00000000
[    3150.602076] /dev/input/event3: 0003 0030 00000040
[    3150.602079] /dev/input/event3: 0003 003a 00000040
[    3150.602081] /dev/input/event3: 0003 0035 000004cf
[    3150.602084] /dev/input/event3: 0003 0036 00000195
[    3150.602086] /dev/input/event3: 0000 0002 00000000
[    3150.602089] /dev/input/event3: 0000 0000 00000000
[    3150.612019] /dev/input/event3: 0003 0039 00000000
[    3150.612038] /dev/input/event3: 0003 0030 00000040
[    3150.612040] /dev/input/event3: 0003 003a 00000040
[    3150.612043] /dev/input/event3: 0003 0035 000004d7
[    3150.612045] /dev/input/event3: 0003 0036 0000018e
[    3150.612048] /dev/input/event3: 0000 0002 00000000
[    3150.612051] /dev/input/event3: 0000 0000 00000000
[    3150.621994] /dev/input/event3: 0003 0039 00000000
[    3150.622009] /dev/input/event3: 0003 0030 00000060
[    3150.622012] /dev/input/event3: 0003 003a 00000060
[    3150.622015] /dev/input/event3: 0003 0035 000004e8
[    3150.622017] /dev/input/event3: 0003 0036 00000183
[    3150.622020] /dev/input/event3: 0000 0002 00000000
[    3150.622023] /dev/input/event3: 0000 0000 00000000
[    3150.631972] /dev/input/event3: 0003 0039 00000000
[    3150.631987] /dev/input/event3: 0003 0030 00000040
[    3150.631989] /dev/input/event3: 0003 003a 00000040
[    3150.631992] /dev/input/event3: 0003 0035 000004f8
[    3150.631995] /dev/input/event3: 0003 0036 00000176
[    3150.631997] /dev/input/event3: 0000 0002 00000000
[    3150.632000] /dev/input/event3: 0000 0000 00000000
[    3150.641949] /dev/input/event3: 0003 0039 00000000
[    3150.641966] /dev/input/event3: 0003 0030 00000040
[    3150.641969] /dev/input/event3: 0003 003a 00000040
[    3150.641972] /dev/input/event3: 0003 0035 00000503
[    3150.641974] /dev/input/event3: 0003 0036 00000169
[    3150.641977] /dev/input/event3: 0000 0002 00000000
[    3150.641979] /dev/input/event3: 0000 0000 00000000
[    3150.652430] /dev/input/event3: 0003 0039 00000000
[    3150.652445] /dev/input/event3: 0003 0030 00000040
[    3150.652448] /dev/input/event3: 0003 003a 00000040
[    3150.652450] /dev/input/event3: 0003 0035 0000050a
[    3150.652453] /dev/input/event3: 0003 0036 00000163
[    3150.652456] /dev/input/event3: 0000 0002 00000000
[    3150.652458] /dev/input/event3: 0000 0000 00000000
[    3150.662432] /dev/input/event3: 0003 0039 00000000
[    3150.662465] /dev/input/event3: 0003 0030 00000040
[    3150.662468] /dev/input/event3: 0003 003a 00000040
[    3150.662471] /dev/input/event3: 0003 0035 00000511
[    3150.662474] /dev/input/event3: 0003 0036 0000015e
[    3150.662476] /dev/input/event3: 0000 0002 00000000
[    3150.662479] /dev/input/event3: 0000 0000 00000000
[    3150.672370] /dev/input/event3: 0003 0039 00000000
[    3150.672387] /dev/input/event3: 0003 0030 00000080
[    3150.672389] /dev/input/event3: 0003 003a 00000080
[    3150.672392] /dev/input/event3: 0003 0035 0000051d
[    3150.672395] /dev/input/event3: 0003 0036 00000156
[    3150.672398] /dev/input/event3: 0000 0002 00000000
[    3150.672400] /dev/input/event3: 0000 0000 00000000
[    3150.682347] /dev/input/event3: 0003 0039 00000000
[    3150.682362] /dev/input/event3: 0003 0030 00000060
[    3150.682365] /dev/input/event3: 0003 003a 00000060
[    3150.682368] /dev/input/event3: 0003 0035 00000529
[    3150.682370] /dev/input/event3: 0003 0036 0000014b
[    3150.682373] /dev/input/event3: 0000 0002 00000000
[    3150.682375] /dev/input/event3: 0000 0000 00000000
[    3150.692368] /dev/input/event3: 0003 0039 00000000
[    3150.692385] /dev/input/event3: 0003 0030 00000040
[    3150.692388] /dev/input/event3: 0003 003a 00000040
[    3150.692391] /dev/input/event3: 0003 0035 00000531
[    3150.692393] /dev/input/event3: 0003 0036 00000143
[    3150.692396] /dev/input/event3: 0000 0002 00000000
[    3150.692398] /dev/input/event3: 0000 0000 00000000
[    3150.702281] /dev/input/event3: 0003 0039 00000000
[    3150.702297] /dev/input/event3: 0003 0030 00000020
[    3150.702299] /dev/input/event3: 0003 003a 00000020
[    3150.702302] /dev/input/event3: 0003 0035 00000536
[    3150.702305] /dev/input/event3: 0003 0036 0000013e
[    3150.702307] /dev/input/event3: 0000 0002 00000000
[    3150.702310] /dev/input/event3: 0000 0000 00000000
[    3150.712285] /dev/input/event3: 0003 0039 00000000
[    3150.712310] /dev/input/event3: 0003 0030 00000040
[    3150.712313] /dev/input/event3: 0003 003a 00000040
[    3150.712315] /dev/input/event3: 0003 0035 0000053a
[    3150.712318] /dev/input/event3: 0003 0036 0000013a
[    3150.712321] /dev/input/event3: 0000 0002 00000000
[    3150.712323] /dev/input/event3: 0000 0000 00000000
[    3150.722194] /dev/input/event3: 0003 0039 00000000
[    3150.722210] /dev/input/event3: 0003 0030 00000040
[    3150.722213] /dev/input/event3: 0003 003a 00000040
[    3150.722216] /dev/input/event3: 0003 0035 0000053f
[    3150.722218] /dev/input/event3: 0003 0036 00000137
[    3150.722221] /dev/input/event3: 0000 0002 00000000
[    3150.722224] /dev/input/event3: 0000 0000 00000000
[    3150.732220] /dev/input/event3: 0003 0039 00000000
[    3150.732254] /dev/input/event3: 0003 0030 00000040
[    3150.732257] /dev/input/event3: 0003 003a 00000040
[    3150.732260] /dev/input/event3: 0003 0035 00000543
[    3150.732262] /dev/input/event3: 0003 0036 00000133
[    3150.732265] /dev/input/event3: 0000 0002 00000000
[    3150.732269] /dev/input/event3: 0000 0000 00000000
[    3150.742111] /dev/input/event3: 0003 0039 00000000
[    3150.742129] /dev/input/event3: 0003 0030 00000040
[    3150.742132] /dev/input/event3: 0003 003a 00000040
[    3150.742135] /dev/input/event3: 0003 0035 00000547
[    3150.742137] /dev/input/event3: 0003 0036 00000131
[    3150.742140] /dev/input/event3: 0000 0002 00000000
[    3150.742143] /dev/input/event3: 0000 0000 00000000
[    3150.752168] /dev/input/event3: 0003 0039 00000000
[    3150.752197] /dev/input/event3: 0003 0030 00000060
[    3150.752199] /dev/input/event3: 0003 003a 00000060
[    3150.752202] /dev/input/event3: 0003 0035 00000550
[    3150.752205] /dev/input/event3: 0003 0036 0000012d
[    3150.752207] /dev/input/event3: 0000 0002 00000000
[    3150.752210] /dev/input/event3: 0000 0000 00000000
[    3150.762051] /dev/input/event3: 0003 0039 00000000
[    3150.762068] /dev/input/event3: 0003 0030 00000020
[    3150.762071] /dev/input/event3: 0003 003a 00000020
[    3150.762074] /dev/input/event3: 0003 0035 0000055b
[    3150.762076] /dev/input/event3: 0003 0036 00000122
[    3150.762079] /dev/input/event3: 0000 0002 00000000
[    3150.762081] /dev/input/event3: 0000 0000 00000000
[    3150.792163] /dev/input/event3: 0000 0002 00000000
[    3150.792291] /dev/input/event3: 0000 0000 00000000
[    3153.556452] /dev/input/event3: 0003 0039 00000000
[    3153.556485] /dev/input/event3: 0003 0030 00000060
[    3153.556492] /dev/input/event3: 0003 003a 00000060
[    3153.556499] /dev/input/event3: 0003 0035 0000002c
[    3153.556506] /dev/input/event3: 0003 0036 000003df
[    3153.556512] /dev/input/event3: 0000 0002 00000000
[    3153.556517] /dev/input/event3: 0000 0000 00000000
[    3153.645611] /dev/input/event3: 0000 0002 00000000
[    3153.645670] /dev/input/event3: 0000 0000 00000000
[    3154.578524] /dev/input/event3: 0003 0039 00000000
[    3154.578558] /dev/input/event3: 0003 0030 00000060
[    3154.578564] /dev/input/event3: 0003 003a 00000060
[    3154.578571] /dev/input/event3: 0003 0035 000002d8
[    3154.578577] /dev/input/event3: 0003 0036 00000291
[    3154.578584] /dev/input/event3: 0000 0002 00000000
[    3154.578589] /dev/input/event3: 0000 0000 00000000
[    3154.618640] /dev/input/event3: 0003 0039 00000000
[    3154.618671] /dev/input/event3: 0003 0030 00000060
[    3154.618677] /dev/input/event3: 0003 003a 00000060
[    3154.618685] /dev/input/event3: 0003 0035 000002f6
[    3154.618691] /dev/input/event3: 0003 0036 00000269
[    3154.618698] /dev/input/event3: 0000 0002 00000000
[    3154.618704] /dev/input/event3: 0000 0000 00000000
[    3154.629184] /dev/input/event3: 0003 0039 00000000
[    3154.629213] /dev/input/event3: 0003 0030 00000040
[    3154.629219] /dev/input/event3: 0003 003a 00000040
[    3154.629227] /dev/input/event3: 0003 0035 00000305
[    3154.629234] /dev/input/event3: 0003 0036 00000246
[    3154.629240] /dev/input/event3: 0000 0002 00000000
[    3154.629245] /dev/input/event3: 0000 0000 00000000
[    3154.639215] /dev/input/event3: 0003 0039 00000000
[    3154.639243] /dev/input/event3: 0003 0030 00000040
[    3154.639249] /dev/input/event3: 0003 003a 00000040
[    3154.639257] /dev/input/event3: 0003 0035 0000030c
[    3154.639263] /dev/input/event3: 0003 0036 0000023a
[    3154.639270] /dev/input/event3: 0000 0002 00000000
[    3154.639275] /dev/input/event3: 0000 0000 00000000
[    3154.649288] /dev/input/event3: 0003 0039 00000000
[    3154.649314] /dev/input/event3: 0003 0030 00000080
[    3154.649320] /dev/input/event3: 0003 003a 00000080
[    3154.649328] /dev/input/event3: 0003 0035 00000318
[    3154.649334] /dev/input/event3: 0003 0036 0000022a
[    3154.649341] /dev/input/event3: 0000 0002 00000000
[    3154.649346] /dev/input/event3: 0000 0000 00000000
[    3154.659319] /dev/input/event3: 0003 0039 00000000
[    3154.659346] /dev/input/event3: 0003 0030 00000040
[    3154.659352] /dev/input/event3: 0003 003a 00000040
[    3154.659360] /dev/input/event3: 0003 0035 0000032f
[    3154.659366] /dev/input/event3: 0003 0036 0000020e
[    3154.659373] /dev/input/event3: 0000 0002 00000000
[    3154.659378] /dev/input/event3: 0000 0000 00000000
[    3154.669361] /dev/input/event3: 0003 0039 00000000
[    3154.669389] /dev/input/event3: 0003 0030 00000040
[    3154.669395] /dev/input/event3: 0003 003a 00000040
[    3154.669402] /dev/input/event3: 0003 0035 0000033b
[    3154.669408] /dev/input/event3: 0003 0036 000001fc
[    3154.669414] /dev/input/event3: 0000 0002 00000000
[    3154.669420] /dev/input/event3: 0000 0000 00000000
[    3154.679654] /dev/input/event3: 0003 0039 00000000
[    3154.679685] /dev/input/event3: 0003 0030 00000040
[    3154.679691] /dev/input/event3: 0003 003a 00000040
[    3154.679698] /dev/input/event3: 0003 0035 00000352
[    3154.679704] /dev/input/event3: 0003 0036 000001e2
[    3154.679711] /dev/input/event3: 0000 0002 00000000
[    3154.679716] /dev/input/event3: 0000 0000 00000000
[    3154.689428] /dev/input/event3: 0003 0039 00000000
[    3154.689463] /dev/input/event3: 0003 0030 00000060
[    3154.689470] /dev/input/event3: 0003 003a 00000060
[    3154.689477] /dev/input/event3: 0003 0035 00000364
[    3154.689484] /dev/input/event3: 0003 0036 000001d8
[    3154.689490] /dev/input/event3: 0000 0002 00000000
[    3154.689498] /dev/input/event3: 0000 0000 00000000
[    3154.699719] /dev/input/event3: 0003 0039 00000000
[    3154.699752] /dev/input/event3: 0003 0030 00000080
[    3154.699759] /dev/input/event3: 0003 003a 00000080
[    3154.699766] /dev/input/event3: 0003 0035 00000375
[    3154.699773] /dev/input/event3: 0003 0036 000001c8
[    3154.699779] /dev/input/event3: 0000 0002 00000000
[    3154.699785] /dev/input/event3: 0000 0000 00000000
[    3154.709531] /dev/input/event3: 0003 0039 00000000
[    3154.709552] /dev/input/event3: 0003 0030 00000060
[    3154.709556] /dev/input/event3: 0003 003a 00000060
[    3154.709560] /dev/input/event3: 0003 0035 0000038e
[    3154.709564] /dev/input/event3: 0003 0036 000001bc
[    3154.709568] /dev/input/event3: 0000 0002 00000000
[    3154.709571] /dev/input/event3: 0000 0000 00000000
[    3154.719762] /dev/input/event3: 0003 0039 00000000
[    3154.719786] /dev/input/event3: 0003 0030 00000060
[    3154.719789] /dev/input/event3: 0003 003a 00000060
[    3154.719793] /dev/input/event3: 0003 0035 0000039d
[    3154.719797] /dev/input/event3: 0003 0036 000001b8
[    3154.719801] /dev/input/event3: 0000 0002 00000000
[    3154.719804] /dev/input/event3: 0000 0000 00000000
[    3154.729561] /dev/input/event3: 0003 0039 00000000
[    3154.729577] /dev/input/event3: 0003 0030 00000040
[    3154.729579] /dev/input/event3: 0003 003a 00000040
[    3154.729582] /dev/input/event3: 0003 0035 000003b7
[    3154.729584] /dev/input/event3: 0003 0036 000001b5
[    3154.729587] /dev/input/event3: 0000 0002 00000000
[    3154.729589] /dev/input/event3: 0000 0000 00000000
[    3154.739541] /dev/input/event3: 0003 0039 00000000
[    3154.739557] /dev/input/event3: 0003 0030 00000040
[    3154.739560] /dev/input/event3: 0003 003a 00000040
[    3154.739563] /dev/input/event3: 0003 0035 000003c6
[    3154.739565] /dev/input/event3: 0003 0036 000001b5
[    3154.739568] /dev/input/event3: 0000 0002 00000000
[    3154.739570] /dev/input/event3: 0000 0000 00000000
[    3154.749552] /dev/input/event3: 0003 0039 00000000
[    3154.749641] /dev/input/event3: 0003 0030 00000040
[    3154.749648] /dev/input/event3: 0003 003a 00000040
[    3154.749651] /dev/input/event3: 0003 0035 000003d6
[    3154.749653] /dev/input/event3: 0003 0036 000001b5
[    3154.749656] /dev/input/event3: 0000 0002 00000000
[    3154.749658] /dev/input/event3: 0000 0000 00000000
[    3154.759619] /dev/input/event3: 0003 0039 00000000
[    3154.759637] /dev/input/event3: 0003 0030 00000060
[    3154.759639] /dev/input/event3: 0003 003a 00000060
[    3154.759642] /dev/input/event3: 0003 0035 000003ec
[    3154.759644] /dev/input/event3: 0003 0036 000001b8
[    3154.759647] /dev/input/event3: 0000 0002 00000000
[    3154.759649] /dev/input/event3: 0000 0000 00000000
[    3154.769680] /dev/input/event3: 0003 0039 00000000
[    3154.769698] /dev/input/event3: 0003 0030 00000060
[    3154.769700] /dev/input/event3: 0003 003a 00000060
[    3154.769702] /dev/input/event3: 0003 0035 00000401
[    3154.769705] /dev/input/event3: 0003 0036 000001be
[    3154.769707] /dev/input/event3: 0000 0002 00000000
[    3154.769710] /dev/input/event3: 0000 0000 00000000
[    3154.779689] /dev/input/event3: 0003 0039 00000000
[    3154.779705] /dev/input/event3: 0003 0030 00000060
[    3154.779708] /dev/input/event3: 0003 003a 00000060
[    3154.779710] /dev/input/event3: 0003 0035 00000411
[    3154.779713] /dev/input/event3: 0003 0036 000001cd
[    3154.779715] /dev/input/event3: 0000 0002 00000000
[    3154.779717] /dev/input/event3: 0000 0000 00000000
[    3154.789741] /dev/input/event3: 0003 0039 00000000
[    3154.789757] /dev/input/event3: 0003 0030 00000040
[    3154.789760] /dev/input/event3: 0003 003a 00000040
[    3154.789762] /dev/input/event3: 0003 0035 00000426
[    3154.789765] /dev/input/event3: 0003 0036 000001d9
[    3154.789767] /dev/input/event3: 0000 0002 00000000
[    3154.789769] /dev/input/event3: 0000 0000 00000000
[    3154.799758] /dev/input/event3: 0003 0039 00000000
[    3154.799770] /dev/input/event3: 0003 0030 00000040
[    3154.799773] /dev/input/event3: 0003 003a 00000040
[    3154.799775] /dev/input/event3: 0003 0035 0000042e
[    3154.799778] /dev/input/event3: 0003 0036 000001e0
[    3154.799780] /dev/input/event3: 0000 0002 00000000
[    3154.799782] /dev/input/event3: 0000 0000 00000000
[    3154.809836] /dev/input/event3: 0003 0039 00000000
[    3154.809852] /dev/input/event3: 0003 0030 00000040
[    3154.809855] /dev/input/event3: 0003 003a 00000040
[    3154.809857] /dev/input/event3: 0003 0035 00000433
[    3154.809860] /dev/input/event3: 0003 0036 000001f1
[    3154.809862] /dev/input/event3: 0000 0002 00000000
[    3154.809865] /dev/input/event3: 0000 0000 00000000
[    3154.819848] /dev/input/event3: 0003 0039 00000000
[    3154.819865] /dev/input/event3: 0003 0030 00000040
[    3154.819868] /dev/input/event3: 0003 003a 00000040
[    3154.819871] /dev/input/event3: 0003 0035 00000437
[    3154.819873] /dev/input/event3: 0003 0036 00000201
[    3154.819876] /dev/input/event3: 0000 0002 00000000
[    3154.819878] /dev/input/event3: 0000 0000 00000000
[    3154.830449] /dev/input/event3: 0003 0039 00000000
[    3154.830480] /dev/input/event3: 0003 0030 00000040
[    3154.830484] /dev/input/event3: 0003 003a 00000040
[    3154.830487] /dev/input/event3: 0003 0035 00000439
[    3154.830491] /dev/input/event3: 0003 0036 0000021d
[    3154.830495] /dev/input/event3: 0000 0002 00000000
[    3154.830499] /dev/input/event3: 0000 0000 00000000
[    3154.843005] /dev/input/event3: 0003 0039 00000000
[    3154.843025] /dev/input/event3: 0003 0030 00000040
[    3154.843028] /dev/input/event3: 0003 003a 00000040
[    3154.843032] /dev/input/event3: 0003 0035 00000438
[    3154.843036] /dev/input/event3: 0003 0036 0000022d
[    3154.843040] /dev/input/event3: 0000 0002 00000000
[    3154.843043] /dev/input/event3: 0000 0000 00000000
[    3154.850455] /dev/input/event3: 0003 0039 00000000
[    3154.850473] /dev/input/event3: 0003 0030 00000040
[    3154.850477] /dev/input/event3: 0003 003a 00000040
[    3154.850481] /dev/input/event3: 0003 0035 00000433
[    3154.850485] /dev/input/event3: 0003 0036 0000024a
[    3154.850488] /dev/input/event3: 0000 0002 00000000
[    3154.850491] /dev/input/event3: 0000 0000 00000000
[    3154.860467] /dev/input/event3: 0003 0039 00000000
[    3154.860488] /dev/input/event3: 0003 0030 00000040
[    3154.860491] /dev/input/event3: 0003 003a 00000040
[    3154.860496] /dev/input/event3: 0003 0035 0000041c
[    3154.860499] /dev/input/event3: 0003 0036 00000263
[    3154.860503] /dev/input/event3: 0000 0002 00000000
[    3154.860506] /dev/input/event3: 0000 0000 00000000
[    3154.870542] /dev/input/event3: 0003 0039 00000000
[    3154.870562] /dev/input/event3: 0003 0030 00000040
[    3154.870566] /dev/input/event3: 0003 003a 00000040
[    3154.870570] /dev/input/event3: 0003 0035 0000040c
[    3154.870574] /dev/input/event3: 0003 0036 0000027d
[    3154.870577] /dev/input/event3: 0000 0002 00000000
[    3154.870581] /dev/input/event3: 0000 0000 00000000
[    3154.880566] /dev/input/event3: 0003 0039 00000000
[    3154.880595] /dev/input/event3: 0003 0030 00000040
[    3154.880599] /dev/input/event3: 0003 003a 00000040
[    3154.880603] /dev/input/event3: 0003 0035 00000406
[    3154.880607] /dev/input/event3: 0003 0036 00000284
[    3154.880610] /dev/input/event3: 0000 0002 00000000
[    3154.880614] /dev/input/event3: 0000 0000 00000000
[    3154.890607] /dev/input/event3: 0003 0039 00000000
[    3154.890634] /dev/input/event3: 0003 0030 00000060
[    3154.890638] /dev/input/event3: 0003 003a 00000060
[    3154.890642] /dev/input/event3: 0003 0035 000003f0
[    3154.890645] /dev/input/event3: 0003 0036 0000028c
[    3154.890649] /dev/input/event3: 0000 0002 00000000
[    3154.890653] /dev/input/event3: 0000 0000 00000000
[    3154.900618] /dev/input/event3: 0003 0039 00000000
[    3154.900638] /dev/input/event3: 0003 0030 00000040
[    3154.900642] /dev/input/event3: 0003 003a 00000040
[    3154.900646] /dev/input/event3: 0003 0035 000003df
[    3154.900649] /dev/input/event3: 0003 0036 00000295
[    3154.900653] /dev/input/event3: 0000 0002 00000000
[    3154.900656] /dev/input/event3: 0000 0000 00000000
[    3154.910697] /dev/input/event3: 0003 0039 00000000
[    3154.910717] /dev/input/event3: 0003 0030 00000080
[    3154.910721] /dev/input/event3: 0003 003a 00000080
[    3154.910725] /dev/input/event3: 0003 0035 000003cc
[    3154.910729] /dev/input/event3: 0003 0036 0000029b
[    3154.910732] /dev/input/event3: 0000 0002 00000000
[    3154.910736] /dev/input/event3: 0000 0000 00000000
[    3154.920774] /dev/input/event3: 0003 0039 00000000
[    3154.920802] /dev/input/event3: 0003 0030 00000060
[    3154.920806] /dev/input/event3: 0003 003a 00000060
[    3154.920812] /dev/input/event3: 0003 0035 000003b6
[    3154.920817] /dev/input/event3: 0003 0036 000002a0
[    3154.920822] /dev/input/event3: 0000 0002 00000000
[    3154.920826] /dev/input/event3: 0000 0000 00000000
[    3154.930764] /dev/input/event3: 0003 0039 00000000
[    3154.930796] /dev/input/event3: 0003 0030 00000080
[    3154.930801] /dev/input/event3: 0003 003a 00000080
[    3154.930806] /dev/input/event3: 0003 0035 000003a9
[    3154.930811] /dev/input/event3: 0003 0036 0000029f
[    3154.930816] /dev/input/event3: 0000 0002 00000000
[    3154.930821] /dev/input/event3: 0000 0000 00000000
[    3154.940822] /dev/input/event3: 0003 0039 00000000
[    3154.940849] /dev/input/event3: 0003 0030 00000080
[    3154.940853] /dev/input/event3: 0003 003a 00000080
[    3154.940859] /dev/input/event3: 0003 0035 00000397
[    3154.940864] /dev/input/event3: 0003 0036 0000029c
[    3154.940870] /dev/input/event3: 0000 0002 00000000
[    3154.940874] /dev/input/event3: 0000 0000 00000000
[    3154.950878] /dev/input/event3: 0003 0039 00000000
[    3154.950904] /dev/input/event3: 0003 0030 00000060
[    3154.950909] /dev/input/event3: 0003 003a 00000060
[    3154.950914] /dev/input/event3: 0003 0035 00000386
[    3154.950920] /dev/input/event3: 0003 0036 00000297
[    3154.950925] /dev/input/event3: 0000 0002 00000000
[    3154.950929] /dev/input/event3: 0000 0000 00000000
[    3154.960888] /dev/input/event3: 0003 0039 00000000
[    3154.960914] /dev/input/event3: 0003 0030 00000040
[    3154.960919] /dev/input/event3: 0003 003a 00000040
[    3154.960924] /dev/input/event3: 0003 0035 00000379
[    3154.960929] /dev/input/event3: 0003 0036 00000291
[    3154.960935] /dev/input/event3: 0000 0002 00000000
[    3154.960939] /dev/input/event3: 0000 0000 00000000
[    3154.970920] /dev/input/event3: 0003 0039 00000000
[    3154.970946] /dev/input/event3: 0003 0030 00000060
[    3154.970951] /dev/input/event3: 0003 003a 00000060
[    3154.970956] /dev/input/event3: 0003 0035 00000370
[    3154.970962] /dev/input/event3: 0003 0036 0000028c
[    3154.970967] /dev/input/event3: 0000 0002 00000000
[    3154.970971] /dev/input/event3: 0000 0000 00000000
[    3154.980951] /dev/input/event3: 0003 0039 00000000
[    3154.980992] /dev/input/event3: 0003 0030 00000080
[    3154.980997] /dev/input/event3: 0003 003a 00000080
[    3154.981003] /dev/input/event3: 0003 0035 00000367
[    3154.981007] /dev/input/event3: 0003 0036 00000282
[    3154.981013] /dev/input/event3: 0000 0002 00000000
[    3154.981017] /dev/input/event3: 0000 0000 00000000
[    3154.991005] /dev/input/event3: 0003 0039 00000000
[    3154.991038] /dev/input/event3: 0003 0030 00000080
[    3154.991043] /dev/input/event3: 0003 003a 00000080
[    3154.991048] /dev/input/event3: 0003 0035 0000035e
[    3154.991054] /dev/input/event3: 0003 0036 00000274
[    3154.991059] /dev/input/event3: 0000 0002 00000000
[    3154.991063] /dev/input/event3: 0000 0000 00000000
[    3155.001038] /dev/input/event3: 0003 0039 00000000
[    3155.001062] /dev/input/event3: 0003 0030 00000040
[    3155.001066] /dev/input/event3: 0003 003a 00000040
[    3155.001072] /dev/input/event3: 0003 0035 00000357
[    3155.001077] /dev/input/event3: 0003 0036 00000269
[    3155.001082] /dev/input/event3: 0000 0002 00000000
[    3155.001086] /dev/input/event3: 0000 0000 00000000
[    3155.011064] /dev/input/event3: 0003 0039 00000000
[    3155.011090] /dev/input/event3: 0003 0030 00000080
[    3155.011095] /dev/input/event3: 0003 003a 00000080
[    3155.011101] /dev/input/event3: 0003 0035 00000354
[    3155.011106] /dev/input/event3: 0003 0036 0000025d
[    3155.011111] /dev/input/event3: 0000 0002 00000000
[    3155.011116] /dev/input/event3: 0000 0000 00000000
[    3155.022280] /dev/input/event3: 0003 0039 00000000
[    3155.022320] /dev/input/event3: 0003 0030 00000060
[    3155.022326] /dev/input/event3: 0003 003a 00000060
[    3155.022333] /dev/input/event3: 0003 0035 00000353
[    3155.022340] /dev/input/event3: 0003 0036 00000251
[    3155.022346] /dev/input/event3: 0000 0002 00000000
[    3155.022352] /dev/input/event3: 0000 0000 00000000
[    3155.031770] /dev/input/event3: 0003 0039 00000000
[    3155.031804] /dev/input/event3: 0003 0030 00000060
[    3155.031810] /dev/input/event3: 0003 003a 00000060
[    3155.031817] /dev/input/event3: 0003 0035 00000356
[    3155.031823] /dev/input/event3: 0003 0036 00000243
[    3155.031830] /dev/input/event3: 0000 0002 00000000
[    3155.031836] /dev/input/event3: 0000 0000 00000000
[    3155.041795] /dev/input/event3: 0003 0039 00000000
[    3155.041830] /dev/input/event3: 0003 0030 00000080
[    3155.041836] /dev/input/event3: 0003 003a 00000080
[    3155.041843] /dev/input/event3: 0003 0035 0000035c
[    3155.041850] /dev/input/event3: 0003 0036 00000234
[    3155.041857] /dev/input/event3: 0000 0002 00000000
[    3155.041862] /dev/input/event3: 0000 0000 00000000
[    3155.051856] /dev/input/event3: 0003 0039 00000000
[    3155.051890] /dev/input/event3: 0003 0030 00000080
[    3155.051896] /dev/input/event3: 0003 003a 00000080
[    3155.051903] /dev/input/event3: 0003 0035 00000366
[    3155.051909] /dev/input/event3: 0003 0036 0000021d
[    3155.051916] /dev/input/event3: 0000 0002 00000000
[    3155.051922] /dev/input/event3: 0000 0000 00000000
[    3155.061832] /dev/input/event3: 0003 0039 00000000
[    3155.061864] /dev/input/event3: 0003 0030 00000060
[    3155.061870] /dev/input/event3: 0003 003a 00000060
[    3155.061877] /dev/input/event3: 0003 0035 0000036d
[    3155.061884] /dev/input/event3: 0003 0036 00000212
[    3155.061891] /dev/input/event3: 0000 0002 00000000
[    3155.061896] /dev/input/event3: 0000 0000 00000000
[    3155.071946] /dev/input/event3: 0003 0039 00000000
[    3155.071981] /dev/input/event3: 0003 0030 00000080
[    3155.071987] /dev/input/event3: 0003 003a 00000080
[    3155.071994] /dev/input/event3: 0003 0035 00000378
[    3155.072001] /dev/input/event3: 0003 0036 00000208
[    3155.072007] /dev/input/event3: 0000 0002 00000000
[    3155.072013] /dev/input/event3: 0000 0000 00000000
[    3155.081938] /dev/input/event3: 0003 0039 00000000
[    3155.081970] /dev/input/event3: 0003 0030 00000080
[    3155.081977] /dev/input/event3: 0003 003a 00000080
[    3155.081984] /dev/input/event3: 0003 0035 00000389
[    3155.081990] /dev/input/event3: 0003 0036 000001fc
[    3155.081997] /dev/input/event3: 0000 0002 00000000
[    3155.082002] /dev/input/event3: 0000 0000 00000000
[    3155.091986] /dev/input/event3: 0003 0039 00000000
[    3155.092019] /dev/input/event3: 0003 0030 00000060
[    3155.092026] /dev/input/event3: 0003 003a 00000060
[    3155.092033] /dev/input/event3: 0003 0035 00000399
[    3155.092040] /dev/input/event3: 0003 0036 000001f2
[    3155.092046] /dev/input/event3: 0000 0002 00000000
[    3155.092052] /dev/input/event3: 0000 0000 00000000
[    3155.102047] /dev/input/event3: 0003 0039 00000000
[    3155.102081] /dev/input/event3: 0003 0030 00000080
[    3155.102088] /dev/input/event3: 0003 003a 00000080
[    3155.102095] /dev/input/event3: 0003 0035 000003a3
[    3155.102102] /dev/input/event3: 0003 0036 000001ef
[    3155.102109] /dev/input/event3: 0000 0002 00000000
[    3155.102115] /dev/input/event3: 0000 0000 00000000
[    3155.112099] /dev/input/event3: 0003 0039 00000000
[    3155.112144] /dev/input/event3: 0003 0030 00000080
[    3155.112150] /dev/input/event3: 0003 003a 00000080
[    3155.112157] /dev/input/event3: 0003 0035 000003b2
[    3155.112164] /dev/input/event3: 0003 0036 000001ed
[    3155.112171] /dev/input/event3: 0000 0002 00000000
[    3155.112176] /dev/input/event3: 0000 0000 00000000
[    3155.122181] /dev/input/event3: 0003 0039 00000000
[    3155.122217] /dev/input/event3: 0003 0030 00000040
[    3155.122223] /dev/input/event3: 0003 003a 00000040
[    3155.122230] /dev/input/event3: 0003 0035 000003bf
[    3155.122237] /dev/input/event3: 0003 0036 000001ed
[    3155.122243] /dev/input/event3: 0000 0002 00000000
[    3155.122249] /dev/input/event3: 0000 0000 00000000
[    3155.132168] /dev/input/event3: 0003 0039 00000000
[    3155.132200] /dev/input/event3: 0003 0030 00000080
[    3155.132207] /dev/input/event3: 0003 003a 00000080
[    3155.132214] /dev/input/event3: 0003 0035 000003cd
[    3155.132221] /dev/input/event3: 0003 0036 000001f1
[    3155.132227] /dev/input/event3: 0000 0002 00000000
[    3155.132233] /dev/input/event3: 0000 0000 00000000
[    3155.142236] /dev/input/event3: 0003 0039 00000000
[    3155.142270] /dev/input/event3: 0003 0030 00000080
[    3155.142277] /dev/input/event3: 0003 003a 00000080
[    3155.142284] /dev/input/event3: 0003 0035 000003dc
[    3155.142290] /dev/input/event3: 0003 0036 000001f8
[    3155.142297] /dev/input/event3: 0000 0002 00000000
[    3155.142302] /dev/input/event3: 0000 0000 00000000
[    3155.152298] /dev/input/event3: 0003 0039 00000000
[    3155.152330] /dev/input/event3: 0003 0030 00000060
[    3155.152337] /dev/input/event3: 0003 003a 00000060
[    3155.152344] /dev/input/event3: 0003 0035 000003eb
[    3155.152351] /dev/input/event3: 0003 0036 000001ff
[    3155.152357] /dev/input/event3: 0000 0002 00000000
[    3155.152363] /dev/input/event3: 0000 0000 00000000
[    3155.162307] /dev/input/event3: 0003 0039 00000000
[    3155.162349] /dev/input/event3: 0003 0030 00000040
[    3155.162356] /dev/input/event3: 0003 003a 00000040
[    3155.162363] /dev/input/event3: 0003 0035 000003f6
[    3155.162369] /dev/input/event3: 0003 0036 00000203
[    3155.162376] /dev/input/event3: 0000 0002 00000000
[    3155.162381] /dev/input/event3: 0000 0000 00000000
[    3155.172371] /dev/input/event3: 0003 0039 00000000
[    3155.172407] /dev/input/event3: 0003 0030 00000060
[    3155.172413] /dev/input/event3: 0003 003a 00000060
[    3155.172420] /dev/input/event3: 0003 0035 000003fd
[    3155.172427] /dev/input/event3: 0003 0036 00000208
[    3155.172433] /dev/input/event3: 0000 0002 00000000
[    3155.172440] /dev/input/event3: 0000 0000 00000000
[    3155.182378] /dev/input/event3: 0003 0039 00000000
[    3155.182407] /dev/input/event3: 0003 0030 00000040
[    3155.182413] /dev/input/event3: 0003 003a 00000040
[    3155.182420] /dev/input/event3: 0003 0035 00000402
[    3155.182427] /dev/input/event3: 0003 0036 00000211
[    3155.182433] /dev/input/event3: 0000 0002 00000000
[    3155.182439] /dev/input/event3: 0000 0000 00000000
[    3155.192472] /dev/input/event3: 0003 0039 00000000
[    3155.192506] /dev/input/event3: 0003 0030 00000060
[    3155.192512] /dev/input/event3: 0003 003a 00000060
[    3155.192518] /dev/input/event3: 0003 0035 00000407
[    3155.192525] /dev/input/event3: 0003 0036 0000021e
[    3155.192532] /dev/input/event3: 0000 0002 00000000
[    3155.192537] /dev/input/event3: 0000 0000 00000000
[    3155.202508] /dev/input/event3: 0003 0039 00000000
[    3155.202544] /dev/input/event3: 0003 0030 00000040
[    3155.202550] /dev/input/event3: 0003 003a 00000040
[    3155.202557] /dev/input/event3: 0003 0035 00000408
[    3155.202564] /dev/input/event3: 0003 0036 00000225
[    3155.202570] /dev/input/event3: 0000 0002 00000000
[    3155.202576] /dev/input/event3: 0000 0000 00000000
[    3155.212502] /dev/input/event3: 0003 0039 00000000
[    3155.212551] /dev/input/event3: 0003 0030 00000040
[    3155.212562] /dev/input/event3: 0003 003a 00000040
[    3155.212570] /dev/input/event3: 0003 0035 00000408
[    3155.212576] /dev/input/event3: 0003 0036 0000022c
[    3155.212582] /dev/input/event3: 0000 0002 00000000
[    3155.212587] /dev/input/event3: 0000 0000 00000000
[    3155.223115] /dev/input/event3: 0003 0039 00000000
[    3155.223158] /dev/input/event3: 0003 0030 00000060
[    3155.223165] /dev/input/event3: 0003 003a 00000060
[    3155.223172] /dev/input/event3: 0003 0035 00000406
[    3155.223178] /dev/input/event3: 0003 0036 0000023b
[    3155.223184] /dev/input/event3: 0000 0002 00000000
[    3155.223192] /dev/input/event3: 0000 0000 00000000
[    3155.233094] /dev/input/event3: 0003 0039 00000000
[    3155.233130] /dev/input/event3: 0003 0030 00000040
[    3155.233139] /dev/input/event3: 0003 003a 00000040
[    3155.233146] /dev/input/event3: 0003 0035 000003fd
[    3155.233153] /dev/input/event3: 0003 0036 0000024c
[    3155.233159] /dev/input/event3: 0000 0002 00000000
[    3155.233164] /dev/input/event3: 0000 0000 00000000
[    3155.243149] /dev/input/event3: 0003 0039 00000000
[    3155.243188] /dev/input/event3: 0003 0030 00000060
[    3155.243197] /dev/input/event3: 0003 003a 00000060
[    3155.243204] /dev/input/event3: 0003 0035 000003e6
[    3155.243210] /dev/input/event3: 0003 0036 0000025e
[    3155.243216] /dev/input/event3: 0000 0002 00000000
[    3155.243221] /dev/input/event3: 0000 0000 00000000
[    3155.253216] /dev/input/event3: 0003 0039 00000000
[    3155.253258] /dev/input/event3: 0003 0030 00000040
[    3155.253266] /dev/input/event3: 0003 003a 00000040
[    3155.253273] /dev/input/event3: 0003 0035 000003db
[    3155.253280] /dev/input/event3: 0003 0036 00000265
[    3155.253286] /dev/input/event3: 0000 0002 00000000
[    3155.253294] /dev/input/event3: 0000 0000 00000000
[    3155.263258] /dev/input/event3: 0003 0039 00000000
[    3155.263309] /dev/input/event3: 0003 0030 00000080
[    3155.263317] /dev/input/event3: 0003 003a 00000080
[    3155.263330] /dev/input/event3: 0003 0035 000003c6
[    3155.263337] /dev/input/event3: 0003 0036 0000026d
[    3155.263343] /dev/input/event3: 0000 0002 00000000
[    3155.263349] /dev/input/event3: 0000 0000 00000000
[    3155.273318] /dev/input/event3: 0003 0039 00000000
[    3155.273355] /dev/input/event3: 0003 0030 00000040
[    3155.273364] /dev/input/event3: 0003 003a 00000040
[    3155.273371] /dev/input/event3: 0003 0035 000003b0
[    3155.273377] /dev/input/event3: 0003 0036 00000274
[    3155.273384] /dev/input/event3: 0000 0002 00000000
[    3155.273389] /dev/input/event3: 0000 0000 00000000
[    3155.283330] /dev/input/event3: 0003 0039 00000000
[    3155.283377] /dev/input/event3: 0003 0030 00000080
[    3155.283384] /dev/input/event3: 0003 003a 00000080
[    3155.283391] /dev/input/event3: 0003 0035 0000039b
[    3155.283398] /dev/input/event3: 0003 0036 00000279
[    3155.283405] /dev/input/event3: 0000 0002 00000000
[    3155.283411] /dev/input/event3: 0000 0000 00000000
[    3155.293379] /dev/input/event3: 0003 0039 00000000
[    3155.293416] /dev/input/event3: 0003 0030 00000060
[    3155.293426] /dev/input/event3: 0003 003a 00000060
[    3155.293433] /dev/input/event3: 0003 0035 00000382
[    3155.293439] /dev/input/event3: 0003 0036 00000277
[    3155.293446] /dev/input/event3: 0000 0002 00000000
[    3155.293451] /dev/input/event3: 0000 0000 00000000
[    3155.303449] /dev/input/event3: 0003 0039 00000000
[    3155.303491] /dev/input/event3: 0003 0030 00000080
[    3155.303499] /dev/input/event3: 0003 003a 00000080
[    3155.303507] /dev/input/event3: 0003 0035 0000036d
[    3155.303514] /dev/input/event3: 0003 0036 00000273
[    3155.303520] /dev/input/event3: 0000 0002 00000000
[    3155.303525] /dev/input/event3: 0000 0000 00000000
[    3155.313482] /dev/input/event3: 0003 0039 00000000
[    3155.313529] /dev/input/event3: 0003 0030 00000060
[    3155.313539] /dev/input/event3: 0003 003a 00000060
[    3155.313546] /dev/input/event3: 0003 0035 0000034e
[    3155.313553] /dev/input/event3: 0003 0036 0000026b
[    3155.313559] /dev/input/event3: 0000 0002 00000000
[    3155.313564] /dev/input/event3: 0000 0000 00000000
[    3155.323538] /dev/input/event3: 0003 0039 00000000
[    3155.323596] /dev/input/event3: 0003 0030 00000040
[    3155.323603] /dev/input/event3: 0003 003a 00000040
[    3155.323610] /dev/input/event3: 0003 0035 00000342
[    3155.323617] /dev/input/event3: 0003 0036 00000266
[    3155.323623] /dev/input/event3: 0000 0002 00000000
[    3155.323628] /dev/input/event3: 0000 0000 00000000
[    3155.333532] /dev/input/event3: 0003 0039 00000000
[    3155.333570] /dev/input/event3: 0003 0030 00000060
[    3155.333577] /dev/input/event3: 0003 003a 00000060
[    3155.333584] /dev/input/event3: 0003 0035 00000335
[    3155.333591] /dev/input/event3: 0003 0036 00000262
[    3155.333597] /dev/input/event3: 0000 0002 00000000
[    3155.333603] /dev/input/event3: 0000 0000 00000000
[    3155.343597] /dev/input/event3: 0003 0039 00000000
[    3155.343635] /dev/input/event3: 0003 0030 00000080
[    3155.343941] /dev/input/event3: 0003 003a 00000080
[    3155.343972] /dev/input/event3: 0003 0035 00000327
[    3155.343981] /dev/input/event3: 0003 0036 0000025a
[    3155.343988] /dev/input/event3: 0000 0002 00000000
[    3155.343994] /dev/input/event3: 0000 0000 00000000
[    3155.353660] /dev/input/event3: 0003 0039 00000000
[    3155.353703] /dev/input/event3: 0003 0030 00000080
[    3155.353711] /dev/input/event3: 0003 003a 00000080
[    3155.353718] /dev/input/event3: 0003 0035 00000318
[    3155.353725] /dev/input/event3: 0003 0036 0000024c
[    3155.353731] /dev/input/event3: 0000 0002 00000000
[    3155.353736] /dev/input/event3: 0000 0000 00000000
[    3155.363684] /dev/input/event3: 0003 0039 00000000
[    3155.363723] /dev/input/event3: 0003 0030 00000060
[    3155.363731] /dev/input/event3: 0003 003a 00000060
[    3155.363738] /dev/input/event3: 0003 0035 00000312
[    3155.363744] /dev/input/event3: 0003 0036 00000244
[    3155.363750] /dev/input/event3: 0000 0002 00000000
[    3155.363758] /dev/input/event3: 0000 0000 00000000
[    3155.373790] /dev/input/event3: 0003 0039 00000000
[    3155.373851] /dev/input/event3: 0003 0030 00000080
[    3155.373859] /dev/input/event3: 0003 003a 00000080
[    3155.373866] /dev/input/event3: 0003 0035 00000310
[    3155.373873] /dev/input/event3: 0003 0036 0000023f
[    3155.373879] /dev/input/event3: 0000 0002 00000000
[    3155.373884] /dev/input/event3: 0000 0000 00000000
[    3155.383814] /dev/input/event3: 0003 0039 00000000
[    3155.383871] /dev/input/event3: 0003 0030 00000080
[    3155.383879] /dev/input/event3: 0003 003a 00000080
[    3155.383886] /dev/input/event3: 0003 0035 0000030e
[    3155.383893] /dev/input/event3: 0003 0036 0000023a
[    3155.383899] /dev/input/event3: 0000 0002 00000000
[    3155.383905] /dev/input/event3: 0000 0000 00000000
[    3155.393845] /dev/input/event3: 0003 0039 00000000
[    3155.393882] /dev/input/event3: 0003 0030 00000060
[    3155.393891] /dev/input/event3: 0003 003a 00000060
[    3155.393898] /dev/input/event3: 0003 0035 0000030d
[    3155.393904] /dev/input/event3: 0003 0036 00000233
[    3155.393911] /dev/input/event3: 0000 0002 00000000
[    3155.393916] /dev/input/event3: 0000 0000 00000000
[    3155.403862] /dev/input/event3: 0003 0039 00000000
[    3155.403915] /dev/input/event3: 0003 0030 00000060
[    3155.403924] /dev/input/event3: 0003 003a 00000060
[    3155.403931] /dev/input/event3: 0003 0035 0000030e
[    3155.403937] /dev/input/event3: 0003 0036 00000227
[    3155.403943] /dev/input/event3: 0000 0002 00000000
[    3155.403948] /dev/input/event3: 0000 0000 00000000
[    3155.413882] /dev/input/event3: 0003 0039 00000000
[    3155.413920] /dev/input/event3: 0003 0030 00000080
[    3155.413929] /dev/input/event3: 0003 003a 00000080
[    3155.413936] /dev/input/event3: 0003 0035 00000314
[    3155.413942] /dev/input/event3: 0003 0036 00000218
[    3155.413948] /dev/input/event3: 0000 0002 00000000
[    3155.413954] /dev/input/event3: 0000 0000 00000000
[    3155.424544] /dev/input/event3: 0003 0039 00000000
[    3155.424585] /dev/input/event3: 0003 0030 00000080
[    3155.424591] /dev/input/event3: 0003 003a 00000080
[    3155.424599] /dev/input/event3: 0003 0035 00000322
[    3155.424607] /dev/input/event3: 0003 0036 00000202
[    3155.424613] /dev/input/event3: 0000 0002 00000000
[    3155.424619] /dev/input/event3: 0000 0000 00000000
[    3155.434579] /dev/input/event3: 0003 0039 00000000
[    3155.434631] /dev/input/event3: 0003 0030 00000080
[    3155.434639] /dev/input/event3: 0003 003a 00000080
[    3155.434646] /dev/input/event3: 0003 0035 0000032f
[    3155.434652] /dev/input/event3: 0003 0036 000001f2
[    3155.434658] /dev/input/event3: 0000 0002 00000000
[    3155.434663] /dev/input/event3: 0000 0000 00000000
[    3155.444612] /dev/input/event3: 0003 0039 00000000
[    3155.444660] /dev/input/event3: 0003 0030 00000060
[    3155.444670] /dev/input/event3: 0003 003a 00000060
[    3155.444677] /dev/input/event3: 0003 0035 0000033c
[    3155.444683] /dev/input/event3: 0003 0036 000001e8
[    3155.444689] /dev/input/event3: 0000 0002 00000000
[    3155.444694] /dev/input/event3: 0000 0000 00000000
[    3155.454618] /dev/input/event3: 0003 0039 00000000
[    3155.454661] /dev/input/event3: 0003 0030 00000040
[    3155.454670] /dev/input/event3: 0003 003a 00000040
[    3155.454677] /dev/input/event3: 0003 0035 0000034b
[    3155.454684] /dev/input/event3: 0003 0036 000001e3
[    3155.454690] /dev/input/event3: 0000 0002 00000000
[    3155.454695] /dev/input/event3: 0000 0000 00000000
[    3155.464627] /dev/input/event3: 0003 0039 00000000
[    3155.464664] /dev/input/event3: 0003 0030 000000a0
[    3155.464674] /dev/input/event3: 0003 003a 000000a0
[    3155.464681] /dev/input/event3: 0003 0035 0000035a
[    3155.464687] /dev/input/event3: 0003 0036 000001df
[    3155.464693] /dev/input/event3: 0000 0002 00000000
[    3155.464699] /dev/input/event3: 0000 0000 00000000
[    3155.474716] /dev/input/event3: 0003 0039 00000000
[    3155.474770] /dev/input/event3: 0003 0030 00000040
[    3155.474780] /dev/input/event3: 0003 003a 00000040
[    3155.474787] /dev/input/event3: 0003 0035 00000368
[    3155.474793] /dev/input/event3: 0003 0036 000001df
[    3155.474799] /dev/input/event3: 0000 0002 00000000
[    3155.474804] /dev/input/event3: 0000 0000 00000000
[    3155.484731] /dev/input/event3: 0003 0039 00000000
[    3155.484778] /dev/input/event3: 0003 0030 00000040
[    3155.484786] /dev/input/event3: 0003 003a 00000040
[    3155.484794] /dev/input/event3: 0003 0035 0000037b
[    3155.484800] /dev/input/event3: 0003 0036 000001df
[    3155.484806] /dev/input/event3: 0000 0002 00000000
[    3155.484811] /dev/input/event3: 0000 0000 00000000
[    3155.494979] /dev/input/event3: 0003 0039 00000000
[    3155.495049] /dev/input/event3: 0003 0030 00000080
[    3155.495056] /dev/input/event3: 0003 003a 00000080
[    3155.495063] /dev/input/event3: 0003 0035 0000038a
[    3155.495069] /dev/input/event3: 0003 0036 000001e1
[    3155.495076] /dev/input/event3: 0000 0002 00000000
[    3155.495081] /dev/input/event3: 0000 0000 00000000
[    3155.504694] /dev/input/event3: 0003 0039 00000000
[    3155.504722] /dev/input/event3: 0003 0030 00000060
[    3155.504729] /dev/input/event3: 0003 003a 00000060
[    3155.504733] /dev/input/event3: 0003 0035 00000398
[    3155.504737] /dev/input/event3: 0003 0036 000001e5
[    3155.504741] /dev/input/event3: 0000 0002 00000000
[    3155.504744] /dev/input/event3: 0000 0000 00000000
[    3155.514745] /dev/input/event3: 0003 0039 00000000
[    3155.514773] /dev/input/event3: 0003 0030 00000080
[    3155.514777] /dev/input/event3: 0003 003a 00000080
[    3155.514784] /dev/input/event3: 0003 0035 000003a4
[    3155.514787] /dev/input/event3: 0003 0036 000001ea
[    3155.514791] /dev/input/event3: 0000 0002 00000000
[    3155.514795] /dev/input/event3: 0000 0000 00000000
[    3155.524795] /dev/input/event3: 0003 0039 00000000
[    3155.524835] /dev/input/event3: 0003 0030 00000080
[    3155.524839] /dev/input/event3: 0003 003a 00000080
[    3155.524843] /dev/input/event3: 0003 0035 000003b6
[    3155.524846] /dev/input/event3: 0003 0036 000001f8
[    3155.524850] /dev/input/event3: 0000 0002 00000000
[    3155.524853] /dev/input/event3: 0000 0000 00000000
[    3155.534812] /dev/input/event3: 0003 0039 00000000
[    3155.534838] /dev/input/event3: 0003 0030 00000040
[    3155.534842] /dev/input/event3: 0003 003a 00000040
[    3155.534846] /dev/input/event3: 0003 0035 000003bf
[    3155.534850] /dev/input/event3: 0003 0036 00000200
[    3155.534852] /dev/input/event3: 0000 0002 00000000
[    3155.534855] /dev/input/event3: 0000 0000 00000000
[    3155.544859] /dev/input/event3: 0003 0039 00000000
[    3155.544896] /dev/input/event3: 0003 0030 00000060
[    3155.544899] /dev/input/event3: 0003 003a 00000060
[    3155.544904] /dev/input/event3: 0003 0035 000003c4
[    3155.544907] /dev/input/event3: 0003 0036 00000207
[    3155.544912] /dev/input/event3: 0000 0002 00000000
[    3155.544916] /dev/input/event3: 0000 0000 00000000
[    3155.554909] /dev/input/event3: 0003 0039 00000000
[    3155.554935] /dev/input/event3: 0003 0030 00000060
[    3155.554939] /dev/input/event3: 0003 003a 00000060
[    3155.554943] /dev/input/event3: 0003 0035 000003c7
[    3155.554947] /dev/input/event3: 0003 0036 00000212
[    3155.554950] /dev/input/event3: 0000 0002 00000000
[    3155.554953] /dev/input/event3: 0000 0000 00000000
[    3155.564901] /dev/input/event3: 0003 0039 00000000
[    3155.564921] /dev/input/event3: 0003 0030 00000040
[    3155.564926] /dev/input/event3: 0003 003a 00000040
[    3155.564930] /dev/input/event3: 0003 0035 000003c7
[    3155.564934] /dev/input/event3: 0003 0036 0000021f
[    3155.564937] /dev/input/event3: 0000 0002 00000000
[    3155.564941] /dev/input/event3: 0000 0000 00000000
[    3155.574973] /dev/input/event3: 0003 0039 00000000
[    3155.574997] /dev/input/event3: 0003 0030 00000080
[    3155.575003] /dev/input/event3: 0003 003a 00000080
[    3155.575007] /dev/input/event3: 0003 0035 000003c2
[    3155.575010] /dev/input/event3: 0003 0036 0000022e
[    3155.575014] /dev/input/event3: 0000 0002 00000000
[    3155.575017] /dev/input/event3: 0000 0000 00000000
[    3155.585021] /dev/input/event3: 0003 0039 00000000
[    3155.585045] /dev/input/event3: 0003 0030 00000060
[    3155.585050] /dev/input/event3: 0003 003a 00000060
[    3155.585054] /dev/input/event3: 0003 0035 000003b2
[    3155.585058] /dev/input/event3: 0003 0036 0000024e
[    3155.585061] /dev/input/event3: 0000 0002 00000000
[    3155.585064] /dev/input/event3: 0000 0000 00000000
[    3155.595069] /dev/input/event3: 0003 0039 00000000
[    3155.595109] /dev/input/event3: 0003 0030 00000060
[    3155.595115] /dev/input/event3: 0003 003a 00000060
[    3155.595119] /dev/input/event3: 0003 0035 000003a9
[    3155.595123] /dev/input/event3: 0003 0036 0000025b
[    3155.595127] /dev/input/event3: 0000 0002 00000000
[    3155.595132] /dev/input/event3: 0000 0000 00000000
[    3155.605114] /dev/input/event3: 0003 0039 00000000
[    3155.605142] /dev/input/event3: 0003 0030 00000080
[    3155.605149] /dev/input/event3: 0003 003a 00000080
[    3155.605154] /dev/input/event3: 0003 0035 0000039d
[    3155.605158] /dev/input/event3: 0003 0036 00000268
[    3155.605162] /dev/input/event3: 0000 0002 00000000
[    3155.605165] /dev/input/event3: 0000 0000 00000000
[    3155.615663] /dev/input/event3: 0003 0039 00000000
[    3155.615685] /dev/input/event3: 0003 0030 00000060
[    3155.615691] /dev/input/event3: 0003 003a 00000060
[    3155.615696] /dev/input/event3: 0003 0035 0000037d
[    3155.615700] /dev/input/event3: 0003 0036 0000027e
[    3155.615704] /dev/input/event3: 0000 0002 00000000
[    3155.615709] /dev/input/event3: 0000 0000 00000000
[    3155.625748] /dev/input/event3: 0003 0039 00000000
[    3155.625783] /dev/input/event3: 0003 0030 00000060
[    3155.625793] /dev/input/event3: 0003 003a 00000060
[    3155.625800] /dev/input/event3: 0003 0035 0000036f
[    3155.625806] /dev/input/event3: 0003 0036 00000285
[    3155.625812] /dev/input/event3: 0000 0002 00000000
[    3155.625817] /dev/input/event3: 0000 0000 00000000
[    3155.635833] /dev/input/event3: 0003 0039 00000000
[    3155.635869] /dev/input/event3: 0003 0030 00000060
[    3155.635877] /dev/input/event3: 0003 003a 00000060
[    3155.635884] /dev/input/event3: 0003 0035 00000353
[    3155.635891] /dev/input/event3: 0003 0036 0000028c
[    3155.635897] /dev/input/event3: 0000 0002 00000000
[    3155.635904] /dev/input/event3: 0000 0000 00000000
[    3155.645846] /dev/input/event3: 0003 0039 00000000
[    3155.645882] /dev/input/event3: 0003 0030 00000060
[    3155.645893] /dev/input/event3: 0003 003a 00000060
[    3155.645899] /dev/input/event3: 0003 0035 00000345
[    3155.645905] /dev/input/event3: 0003 0036 0000028d
[    3155.645911] /dev/input/event3: 0000 0002 00000000
[    3155.645916] /dev/input/event3: 0000 0000 00000000
[    3155.655912] /dev/input/event3: 0003 0039 00000000
[    3155.655949] /dev/input/event3: 0003 0030 00000040
[    3155.655956] /dev/input/event3: 0003 003a 00000040
[    3155.655962] /dev/input/event3: 0003 0035 00000335
[    3155.655969] /dev/input/event3: 0003 0036 0000028e
[    3155.655975] /dev/input/event3: 0000 0002 00000000
[    3155.655980] /dev/input/event3: 0000 0000 00000000
[    3155.665885] /dev/input/event3: 0003 0039 00000000
[    3155.665920] /dev/input/event3: 0003 0030 00000060
[    3155.665929] /dev/input/event3: 0003 003a 00000060
[    3155.665936] /dev/input/event3: 0003 0035 00000320
[    3155.665943] /dev/input/event3: 0003 0036 0000028b
[    3155.665949] /dev/input/event3: 0000 0002 00000000
[    3155.665954] /dev/input/event3: 0000 0000 00000000
[    3155.675980] /dev/input/event3: 0003 0039 00000000
[    3155.676017] /dev/input/event3: 0003 0030 00000060
[    3155.676028] /dev/input/event3: 0003 003a 00000060
[    3155.676034] /dev/input/event3: 0003 0035 00000309
[    3155.676041] /dev/input/event3: 0003 0036 00000286
[    3155.676046] /dev/input/event3: 0000 0002 00000000
[    3155.676051] /dev/input/event3: 0000 0000 00000000
[    3155.686011] /dev/input/event3: 0003 0039 00000000
[    3155.686048] /dev/input/event3: 0003 0030 00000080
[    3155.686054] /dev/input/event3: 0003 003a 00000080
[    3155.686062] /dev/input/event3: 0003 0035 000002f5
[    3155.686068] /dev/input/event3: 0003 0036 0000027c
[    3155.686074] /dev/input/event3: 0000 0002 00000000
[    3155.686079] /dev/input/event3: 0000 0000 00000000
[    3155.696038] /dev/input/event3: 0003 0039 00000000
[    3155.696076] /dev/input/event3: 0003 0030 00000060
[    3155.696086] /dev/input/event3: 0003 003a 00000060
[    3155.696093] /dev/input/event3: 0003 0035 000002e3
[    3155.696099] /dev/input/event3: 0003 0036 0000026d
[    3155.696105] /dev/input/event3: 0000 0002 00000000
[    3155.696110] /dev/input/event3: 0000 0000 00000000
[    3155.706099] /dev/input/event3: 0003 0039 00000000
[    3155.706148] /dev/input/event3: 0003 0030 00000080
[    3155.706157] /dev/input/event3: 0003 003a 00000080
[    3155.706164] /dev/input/event3: 0003 0035 000002e1
[    3155.706171] /dev/input/event3: 0003 0036 00000267
[    3155.706177] /dev/input/event3: 0000 0002 00000000
[    3155.706182] /dev/input/event3: 0000 0000 00000000
[    3155.716095] /dev/input/event3: 0003 0039 00000000
[    3155.716130] /dev/input/event3: 0003 0030 00000040
[    3155.716140] /dev/input/event3: 0003 003a 00000040
[    3155.716147] /dev/input/event3: 0003 0035 000002dc
[    3155.716154] /dev/input/event3: 0003 0036 00000260
[    3155.716160] /dev/input/event3: 0000 0002 00000000
[    3155.716167] /dev/input/event3: 0000 0000 00000000
[    3155.726181] /dev/input/event3: 0003 0039 00000000
[    3155.726233] /dev/input/event3: 0003 0030 00000060
[    3155.726243] /dev/input/event3: 0003 003a 00000060
[    3155.726250] /dev/input/event3: 0003 0035 000002d9
[    3155.726269] /dev/input/event3: 0003 0036 00000254
[    3155.726277] /dev/input/event3: 0000 0002 00000000
[    3155.726282] /dev/input/event3: 0000 0000 00000000
[    3155.736231] /dev/input/event3: 0003 0039 00000000
[    3155.736272] /dev/input/event3: 0003 0030 00000080
[    3155.736279] /dev/input/event3: 0003 003a 00000080
[    3155.736286] /dev/input/event3: 0003 0035 000002d8
[    3155.736293] /dev/input/event3: 0003 0036 00000249
[    3155.736299] /dev/input/event3: 0000 0002 00000000
[    3155.736305] /dev/input/event3: 0000 0000 00000000
[    3155.746264] /dev/input/event3: 0003 0039 00000000
[    3155.746316] /dev/input/event3: 0003 0030 00000060
[    3155.746326] /dev/input/event3: 0003 003a 00000060
[    3155.746333] /dev/input/event3: 0003 0035 000002d8
[    3155.746340] /dev/input/event3: 0003 0036 0000023f
[    3155.746346] /dev/input/event3: 0000 0002 00000000
[    3155.746352] /dev/input/event3: 0000 0000 00000000
[    3155.756352] /dev/input/event3: 0003 0039 00000000
[    3155.756394] /dev/input/event3: 0003 0030 00000060
[    3155.756404] /dev/input/event3: 0003 003a 00000060
[    3155.756411] /dev/input/event3: 0003 0035 000002db
[    3155.756418] /dev/input/event3: 0003 0036 0000022c
[    3155.756424] /dev/input/event3: 0000 0002 00000000
[    3155.756429] /dev/input/event3: 0000 0000 00000000
[    3155.766302] /dev/input/event3: 0003 0039 00000000
[    3155.766334] /dev/input/event3: 0003 0030 00000040
[    3155.766344] /dev/input/event3: 0003 003a 00000040
[    3155.766351] /dev/input/event3: 0003 0035 000002e9
[    3155.766358] /dev/input/event3: 0003 0036 00000215
[    3155.766364] /dev/input/event3: 0000 0002 00000000
[    3155.766370] /dev/input/event3: 0000 0000 00000000
[    3155.776437] /dev/input/event3: 0003 0039 00000000
[    3155.776490] /dev/input/event3: 0003 0030 00000060
[    3155.776497] /dev/input/event3: 0003 003a 00000060
[    3155.776505] /dev/input/event3: 0003 0035 000002fb
[    3155.776512] /dev/input/event3: 0003 0036 00000202
[    3155.776519] /dev/input/event3: 0000 0002 00000000
[    3155.776525] /dev/input/event3: 0000 0000 00000000
[    3155.786450] /dev/input/event3: 0003 0039 00000000
[    3155.786488] /dev/input/event3: 0003 0030 00000080
[    3155.786499] /dev/input/event3: 0003 003a 00000080
[    3155.786506] /dev/input/event3: 0003 0035 0000030a
[    3155.786512] /dev/input/event3: 0003 0036 000001f0
[    3155.786518] /dev/input/event3: 0000 0002 00000000
[    3155.786524] /dev/input/event3: 0000 0000 00000000
[    3155.796441] /dev/input/event3: 0003 0039 00000000
[    3155.796478] /dev/input/event3: 0003 0030 00000060
[    3155.796488] /dev/input/event3: 0003 003a 00000060
[    3155.796496] /dev/input/event3: 0003 0035 00000321
[    3155.796502] /dev/input/event3: 0003 0036 000001e6
[    3155.796509] /dev/input/event3: 0000 0002 00000000
[    3155.796514] /dev/input/event3: 0000 0000 00000000
[    3155.806511] /dev/input/event3: 0003 0039 00000000
[    3155.806549] /dev/input/event3: 0003 0030 00000060
[    3155.806555] /dev/input/event3: 0003 003a 00000060
[    3155.806562] /dev/input/event3: 0003 0035 0000033f
[    3155.806569] /dev/input/event3: 0003 0036 000001e0
[    3155.806575] /dev/input/event3: 0000 0002 00000000
[    3155.806580] /dev/input/event3: 0000 0000 00000000
[    3155.817012] /dev/input/event3: 0003 0039 00000000
[    3155.817048] /dev/input/event3: 0003 0030 00000040
[    3155.817055] /dev/input/event3: 0003 003a 00000040
[    3155.817061] /dev/input/event3: 0003 0035 00000347
[    3155.817068] /dev/input/event3: 0003 0036 000001e0
[    3155.817074] /dev/input/event3: 0000 0002 00000000
[    3155.817080] /dev/input/event3: 0000 0000 00000000
[    3155.827075] /dev/input/event3: 0003 0039 00000000
[    3155.827125] /dev/input/event3: 0003 0030 00000060
[    3155.827131] /dev/input/event3: 0003 003a 00000060
[    3155.827140] /dev/input/event3: 0003 0035 00000357
[    3155.827147] /dev/input/event3: 0003 0036 000001e0
[    3155.827153] /dev/input/event3: 0000 0002 00000000
[    3155.827158] /dev/input/event3: 0000 0000 00000000
[    3155.837125] /dev/input/event3: 0003 0039 00000000
[    3155.837165] /dev/input/event3: 0003 0030 00000060
[    3155.837172] /dev/input/event3: 0003 003a 00000060
[    3155.837179] /dev/input/event3: 0003 0035 00000366
[    3155.837186] /dev/input/event3: 0003 0036 000001e1
[    3155.837193] /dev/input/event3: 0000 0002 00000000
[    3155.837198] /dev/input/event3: 0000 0000 00000000
[    3155.847133] /dev/input/event3: 0003 0039 00000000
[    3155.847170] /dev/input/event3: 0003 0030 00000060
[    3155.847177] /dev/input/event3: 0003 003a 00000060
[    3155.847184] /dev/input/event3: 0003 0035 0000037c
[    3155.847191] /dev/input/event3: 0003 0036 000001e5
[    3155.847197] /dev/input/event3: 0000 0002 00000000
[    3155.847202] /dev/input/event3: 0000 0000 00000000
[    3155.857222] /dev/input/event3: 0003 0039 00000000
[    3155.857284] /dev/input/event3: 0003 0030 00000040
[    3155.857291] /dev/input/event3: 0003 003a 00000040
[    3155.857298] /dev/input/event3: 0003 0035 00000398
[    3155.857305] /dev/input/event3: 0003 0036 000001f5
[    3155.857325] /dev/input/event3: 0000 0002 00000000
[    3155.857330] /dev/input/event3: 0000 0000 00000000
[    3155.867267] /dev/input/event3: 0003 0039 00000000
[    3155.867306] /dev/input/event3: 0003 0030 00000060
[    3155.867313] /dev/input/event3: 0003 003a 00000060
[    3155.867320] /dev/input/event3: 0003 0035 000003a3
[    3155.867326] /dev/input/event3: 0003 0036 000001fe
[    3155.867333] /dev/input/event3: 0000 0002 00000000
[    3155.867338] /dev/input/event3: 0000 0000 00000000
[    3155.877292] /dev/input/event3: 0003 0039 00000000
[    3155.877333] /dev/input/event3: 0003 0030 00000040
[    3155.877343] /dev/input/event3: 0003 003a 00000040
[    3155.877350] /dev/input/event3: 0003 0035 000003ab
[    3155.877357] /dev/input/event3: 0003 0036 00000203
[    3155.877363] /dev/input/event3: 0000 0002 00000000
[    3155.877369] /dev/input/event3: 0000 0000 00000000
[    3155.887303] /dev/input/event3: 0003 0039 00000000
[    3155.887339] /dev/input/event3: 0003 0030 00000040
[    3155.887346] /dev/input/event3: 0003 003a 00000040
[    3155.887353] /dev/input/event3: 0003 0035 000003b4
[    3155.887360] /dev/input/event3: 0003 0036 00000207
[    3155.887367] /dev/input/event3: 0000 0002 00000000
[    3155.887372] /dev/input/event3: 0000 0000 00000000
[    3155.897331] /dev/input/event3: 0003 0039 00000000
[    3155.897364] /dev/input/event3: 0003 0030 00000060
[    3155.897371] /dev/input/event3: 0003 003a 00000060
[    3155.897378] /dev/input/event3: 0003 0035 000003bb
[    3155.897384] /dev/input/event3: 0003 0036 0000020c
[    3155.897390] /dev/input/event3: 0000 0002 00000000
[    3155.897395] /dev/input/event3: 0000 0000 00000000
[    3155.907424] /dev/input/event3: 0003 0039 00000000
[    3155.907471] /dev/input/event3: 0003 0030 00000060
[    3155.907479] /dev/input/event3: 0003 003a 00000060
[    3155.907486] /dev/input/event3: 0003 0035 000003bd
[    3155.907493] /dev/input/event3: 0003 0036 00000213
[    3155.907499] /dev/input/event3: 0000 0002 00000000
[    3155.907504] /dev/input/event3: 0000 0000 00000000
[    3155.917460] /dev/input/event3: 0003 0039 00000000
[    3155.917496] /dev/input/event3: 0003 0030 00000060
[    3155.917503] /dev/input/event3: 0003 003a 00000060
[    3155.917510] /dev/input/event3: 0003 0035 000003bc
[    3155.917517] /dev/input/event3: 0003 0036 0000021a
[    3155.917523] /dev/input/event3: 0000 0002 00000000
[    3155.917529] /dev/input/event3: 0000 0000 00000000
[    3155.927480] /dev/input/event3: 0003 0039 00000000
[    3155.927523] /dev/input/event3: 0003 0030 00000040
[    3155.927530] /dev/input/event3: 0003 003a 00000040
[    3155.927537] /dev/input/event3: 0003 0035 000003b7
[    3155.927543] /dev/input/event3: 0003 0036 00000222
[    3155.927549] /dev/input/event3: 0000 0002 00000000
[    3155.927554] /dev/input/event3: 0000 0000 00000000
[    3155.937531] /dev/input/event3: 0003 0039 00000000
[    3155.937571] /dev/input/event3: 0003 0030 00000060
[    3155.937578] /dev/input/event3: 0003 003a 00000060
[    3155.937584] /dev/input/event3: 0003 0035 000003b0
[    3155.937590] /dev/input/event3: 0003 0036 0000022a
[    3155.937615] /dev/input/event3: 0000 0002 00000000
[    3155.937625] /dev/input/event3: 0000 0000 00000000
[    3155.947642] /dev/input/event3: 0003 0039 00000000
[    3155.947695] /dev/input/event3: 0003 0030 00000060
[    3155.947703] /dev/input/event3: 0003 003a 00000060
[    3155.947710] /dev/input/event3: 0003 0035 000003a5
[    3155.947716] /dev/input/event3: 0003 0036 00000232
[    3155.947723] /dev/input/event3: 0000 0002 00000000
[    3155.947729] /dev/input/event3: 0000 0000 00000000
[    3155.957585] /dev/input/event3: 0003 0039 00000000
[    3155.957616] /dev/input/event3: 0003 0030 00000080
[    3155.957622] /dev/input/event3: 0003 003a 00000080
[    3155.957629] /dev/input/event3: 0003 0035 0000038e
[    3155.957635] /dev/input/event3: 0003 0036 0000023c
[    3155.957642] /dev/input/event3: 0000 0002 00000000
[    3155.957647] /dev/input/event3: 0000 0000 00000000
[    3155.967576] /dev/input/event3: 0003 0039 00000000
[    3155.967596] /dev/input/event3: 0003 0030 00000040
[    3155.967600] /dev/input/event3: 0003 003a 00000040
[    3155.967604] /dev/input/event3: 0003 0035 0000037e
[    3155.967608] /dev/input/event3: 0003 0036 00000240
[    3155.967612] /dev/input/event3: 0000 0002 00000000
[    3155.967615] /dev/input/event3: 0000 0000 00000000
[    3155.977617] /dev/input/event3: 0003 0039 00000000
[    3155.977646] /dev/input/event3: 0003 0030 00000080
[    3155.977650] /dev/input/event3: 0003 003a 00000080
[    3155.977654] /dev/input/event3: 0003 0035 0000036d
[    3155.977658] /dev/input/event3: 0003 0036 00000241
[    3155.977661] /dev/input/event3: 0000 0002 00000000
[    3155.977665] /dev/input/event3: 0000 0000 00000000
[    3155.987691] /dev/input/event3: 0003 0039 00000000
[    3155.987714] /dev/input/event3: 0003 0030 00000060
[    3155.987718] /dev/input/event3: 0003 003a 00000060
[    3155.987722] /dev/input/event3: 0003 0035 00000359
[    3155.987725] /dev/input/event3: 0003 0036 00000240
[    3155.987729] /dev/input/event3: 0000 0002 00000000
[    3155.987733] /dev/input/event3: 0000 0000 00000000
[    3155.997677] /dev/input/event3: 0003 0039 00000000
[    3155.997693] /dev/input/event3: 0003 0030 00000080
[    3155.997697] /dev/input/event3: 0003 003a 00000080
[    3155.997701] /dev/input/event3: 0003 0035 0000034c
[    3155.997705] /dev/input/event3: 0003 0036 0000023f
[    3155.997708] /dev/input/event3: 0000 0002 00000000
[    3155.997712] /dev/input/event3: 0000 0000 00000000
[    3156.007753] /dev/input/event3: 0003 0039 00000000
[    3156.007773] /dev/input/event3: 0003 0030 00000060
[    3156.007777] /dev/input/event3: 0003 003a 00000060
[    3156.007780] /dev/input/event3: 0003 0035 0000033f
[    3156.007784] /dev/input/event3: 0003 0036 0000023c
[    3156.007788] /dev/input/event3: 0000 0002 00000000
[    3156.007791] /dev/input/event3: 0000 0000 00000000
[    3156.018330] /dev/input/event3: 0003 0039 00000000
[    3156.018349] /dev/input/event3: 0003 0030 00000040
[    3156.018352] /dev/input/event3: 0003 003a 00000040
[    3156.018356] /dev/input/event3: 0003 0035 00000330
[    3156.018360] /dev/input/event3: 0003 0036 00000239
[    3156.018364] /dev/input/event3: 0000 0002 00000000
[    3156.018367] /dev/input/event3: 0000 0000 00000000
[    3156.028369] /dev/input/event3: 0003 0039 00000000
[    3156.028403] /dev/input/event3: 0003 0030 00000060
[    3156.028406] /dev/input/event3: 0003 003a 00000060
[    3156.028410] /dev/input/event3: 0003 0035 00000321
[    3156.028414] /dev/input/event3: 0003 0036 00000232
[    3156.028418] /dev/input/event3: 0000 0002 00000000
[    3156.028421] /dev/input/event3: 0000 0000 00000000
[    3156.038401] /dev/input/event3: 0003 0039 00000000
[    3156.038423] /dev/input/event3: 0003 0030 00000020
[    3156.038426] /dev/input/event3: 0003 003a 00000020
[    3156.038430] /dev/input/event3: 0003 0035 00000312
[    3156.038434] /dev/input/event3: 0003 0036 00000217
[    3156.038437] /dev/input/event3: 0000 0002 00000000
[    3156.038441] /dev/input/event3: 0000 0000 00000000
[    3156.067360] /dev/input/event3: 0000 0002 00000000
[    3156.067391] /dev/input/event3: 0000 0000 00000000
