[   60256.677839] /dev/input/event3: 0003 0039 00000000
[   60256.677953] /dev/input/event3: 0003 0030 00000040
[   60256.677979] /dev/input/event3: 0003 003a 00000040
[   60256.678009] /dev/input/event3: 0003 0035 0000063c
[   60256.678038] /dev/input/event3: 0003 0036 000001c0
[   60256.678067] /dev/input/event3: 0000 0002 00000000
[   60256.678090] /dev/input/event3: 0000 0000 00000000
[   60256.818062] /dev/input/event3: 0003 0039 00000000
[   60256.818090] /dev/input/event3: 0003 0030 00000040
[   60256.818095] /dev/input/event3: 0003 003a 00000040
[   60256.818100] /dev/input/event3: 0003 0035 00000625
[   60256.818105] /dev/input/event3: 0003 0036 000001c0
[   60256.818110] /dev/input/event3: 0000 0002 00000000
[   60256.818115] /dev/input/event3: 0000 0000 00000000
[   60256.828010] /dev/input/event3: 0003 0039 00000000
[   60256.828032] /dev/input/event3: 0003 0030 00000060
[   60256.828037] /dev/input/event3: 0003 003a 00000060
[   60256.828042] /dev/input/event3: 0003 0035 0000061e
[   60256.828047] /dev/input/event3: 0003 0036 000001c0
[   60256.828052] /dev/input/event3: 0000 0002 00000000
[   60256.828057] /dev/input/event3: 0000 0000 00000000
[   60256.838144] /dev/input/event3: 0003 0039 00000000
[   60256.838183] /dev/input/event3: 0003 0030 00000080
[   60256.838188] /dev/input/event3: 0003 003a 00000080
[   60256.838194] /dev/input/event3: 0003 0035 00000616
[   60256.838199] /dev/input/event3: 0003 0036 000001c0
[   60256.838205] /dev/input/event3: 0000 0002 00000000
[   60256.838209] /dev/input/event3: 0000 0000 00000000
[   60256.848118] /dev/input/event3: 0003 0039 00000000
[   60256.848158] /dev/input/event3: 0003 0030 00000080
[   60256.848164] /dev/input/event3: 0003 003a 00000080
[   60256.848171] /dev/input/event3: 0003 0035 0000060d
[   60256.848177] /dev/input/event3: 0003 0036 000001c0
[   60256.848184] /dev/input/event3: 0000 0002 00000000
[   60256.848190] /dev/input/event3: 0000 0000 00000000
[   60256.858124] /dev/input/event3: 0003 0039 00000000
[   60256.858154] /dev/input/event3: 0003 0030 00000060
[   60256.858160] /dev/input/event3: 0003 003a 00000060
[   60256.858167] /dev/input/event3: 0003 0035 00000601
[   60256.858173] /dev/input/event3: 0003 0036 000001c0
[   60256.858180] /dev/input/event3: 0000 0002 00000000
[   60256.858185] /dev/input/event3: 0000 0000 00000000
[   60256.868215] /dev/input/event3: 0003 0039 00000000
[   60256.868248] /dev/input/event3: 0003 0030 00000060
[   60256.868253] /dev/input/event3: 0003 003a 00000060
[   60256.868258] /dev/input/event3: 0003 0035 000005f9
[   60256.868263] /dev/input/event3: 0003 0036 000001c0
[   60256.868269] /dev/input/event3: 0000 0002 00000000
[   60256.868273] /dev/input/event3: 0000 0000 00000000
[   60256.878249] /dev/input/event3: 0003 0039 00000000
[   60256.878286] /dev/input/event3: 0003 0030 00000040
[   60256.878290] /dev/input/event3: 0003 003a 00000040
[   60256.878296] /dev/input/event3: 0003 0035 000005f1
[   60256.878301] /dev/input/event3: 0003 0036 000001c0
[   60256.878306] /dev/input/event3: 0000 0002 00000000
[   60256.878311] /dev/input/event3: 0000 0000 00000000
[   60256.888291] /dev/input/event3: 0003 0039 00000000
[   60256.888330] /dev/input/event3: 0003 0030 00000040
[   60256.888334] /dev/input/event3: 0003 003a 00000040
[   60256.888340] /dev/input/event3: 0003 0035 000005ec
[   60256.888345] /dev/input/event3: 0003 0036 000001c0
[   60256.888350] /dev/input/event3: 0000 0002 00000000
[   60256.888355] /dev/input/event3: 0000 0000 00000000
[   60256.898314] /dev/input/event3: 0003 0039 00000000
[   60256.898351] /dev/input/event3: 0003 0030 00000040
[   60256.898356] /dev/input/event3: 0003 003a 00000040
[   60256.898362] /dev/input/event3: 0003 0035 000005e6
[   60256.898367] /dev/input/event3: 0003 0036 000001bf
[   60256.898372] /dev/input/event3: 0000 0002 00000000
[   60256.898377] /dev/input/event3: 0000 0000 00000000
[   60256.908360] /dev/input/event3: 0003 0039 00000000
[   60256.908392] /dev/input/event3: 0003 0030 00000060
[   60256.908397] /dev/input/event3: 0003 003a 00000060
[   60256.908403] /dev/input/event3: 0003 0035 000005e2
[   60256.908408] /dev/input/event3: 0003 0036 000001bf
[   60256.908413] /dev/input/event3: 0000 0002 00000000
[   60256.908418] /dev/input/event3: 0000 0000 00000000
[   60256.918392] /dev/input/event3: 0003 0039 00000000
[   60256.918429] /dev/input/event3: 0003 0030 00000080
[   60256.918433] /dev/input/event3: 0003 003a 00000080
[   60256.918439] /dev/input/event3: 0003 0035 000005db
[   60256.918444] /dev/input/event3: 0003 0036 000001be
[   60256.918449] /dev/input/event3: 0000 0002 00000000
[   60256.918453] /dev/input/event3: 0000 0000 00000000
[   60256.928448] /dev/input/event3: 0003 0039 00000000
[   60256.928489] /dev/input/event3: 0003 0030 00000060
[   60256.928494] /dev/input/event3: 0003 003a 00000060
[   60256.928500] /dev/input/event3: 0003 0035 000005d2
[   60256.928505] /dev/input/event3: 0003 0036 000001be
[   60256.928510] /dev/input/event3: 0000 0002 00000000
[   60256.928515] /dev/input/event3: 0000 0000 00000000
[   60256.938502] /dev/input/event3: 0003 0039 00000000
[   60256.938537] /dev/input/event3: 0003 0030 00000060
[   60256.938542] /dev/input/event3: 0003 003a 00000060
[   60256.938548] /dev/input/event3: 0003 0035 000005c9
[   60256.938553] /dev/input/event3: 0003 0036 000001bd
[   60256.938558] /dev/input/event3: 0000 0002 00000000
[   60256.938563] /dev/input/event3: 0000 0000 00000000
[   60256.948487] /dev/input/event3: 0003 0039 00000000
[   60256.948523] /dev/input/event3: 0003 0030 00000060
[   60256.948529] /dev/input/event3: 0003 003a 00000060
[   60256.948534] /dev/input/event3: 0003 0035 000005c1
[   60256.948539] /dev/input/event3: 0003 0036 000001bd
[   60256.948545] /dev/input/event3: 0000 0002 00000000
[   60256.948549] /dev/input/event3: 0000 0000 00000000
[   60256.958535] /dev/input/event3: 0003 0039 00000000
[   60256.958576] /dev/input/event3: 0003 0030 00000040
[   60256.958582] /dev/input/event3: 0003 003a 00000040
[   60256.958587] /dev/input/event3: 0003 0035 000005ba
[   60256.958593] /dev/input/event3: 0003 0036 000001bc
[   60256.958598] /dev/input/event3: 0000 0002 00000000
[   60256.958603] /dev/input/event3: 0000 0000 00000000
[   60256.968605] /dev/input/event3: 0003 0039 00000000
[   60256.968636] /dev/input/event3: 0003 0030 00000060
[   60256.968641] /dev/input/event3: 0003 003a 00000060
[   60256.968647] /dev/input/event3: 0003 0035 000005b4
[   60256.968652] /dev/input/event3: 0003 0036 000001bb
[   60256.968657] /dev/input/event3: 0000 0002 00000000
[   60256.968662] /dev/input/event3: 0000 0000 00000000
[   60256.978659] /dev/input/event3: 0003 0039 00000000
[   60256.978695] /dev/input/event3: 0003 0030 00000060
[   60256.978701] /dev/input/event3: 0003 003a 00000060
[   60256.978706] /dev/input/event3: 0003 0035 000005ae
[   60256.978711] /dev/input/event3: 0003 0036 000001ba
[   60256.978716] /dev/input/event3: 0000 0002 00000000
[   60256.978721] /dev/input/event3: 0000 0000 00000000
[   60256.988682] /dev/input/event3: 0003 0039 00000000
[   60256.988710] /dev/input/event3: 0003 0030 00000040
[   60256.988715] /dev/input/event3: 0003 003a 00000040
[   60256.988720] /dev/input/event3: 0003 0035 000005a5
[   60256.988725] /dev/input/event3: 0003 0036 000001b9
[   60256.988730] /dev/input/event3: 0000 0002 00000000
[   60256.988735] /dev/input/event3: 0000 0000 00000000
[   60256.999182] /dev/input/event3: 0003 0039 00000000
[   60256.999208] /dev/input/event3: 0003 0030 00000060
[   60256.999213] /dev/input/event3: 0003 003a 00000060
[   60256.999218] /dev/input/event3: 0003 0035 00000599
[   60256.999224] /dev/input/event3: 0003 0036 000001b9
[   60256.999229] /dev/input/event3: 0000 0002 00000000
[   60256.999233] /dev/input/event3: 0000 0000 00000000
[   60257.009216] /dev/input/event3: 0003 0039 00000000
[   60257.009242] /dev/input/event3: 0003 0030 00000060
[   60257.009247] /dev/input/event3: 0003 003a 00000060
[   60257.009252] /dev/input/event3: 0003 0035 0000058e
[   60257.009257] /dev/input/event3: 0003 0036 000001b8
[   60257.009262] /dev/input/event3: 0000 0002 00000000
[   60257.009267] /dev/input/event3: 0000 0000 00000000
[   60257.019274] /dev/input/event3: 0003 0039 00000000
[   60257.019305] /dev/input/event3: 0003 0030 00000040
[   60257.019310] /dev/input/event3: 0003 003a 00000040
[   60257.019316] /dev/input/event3: 0003 0035 00000585
[   60257.019321] /dev/input/event3: 0003 0036 000001b7
[   60257.019326] /dev/input/event3: 0000 0002 00000000
[   60257.019330] /dev/input/event3: 0000 0000 00000000
[   60257.029300] /dev/input/event3: 0003 0039 00000000
[   60257.029336] /dev/input/event3: 0003 0030 00000040
[   60257.029341] /dev/input/event3: 0003 003a 00000040
[   60257.029346] /dev/input/event3: 0003 0035 0000057f
[   60257.029351] /dev/input/event3: 0003 0036 000001b6
[   60257.029357] /dev/input/event3: 0000 0002 00000000
[   60257.029361] /dev/input/event3: 0000 0000 00000000
[   60257.039405] /dev/input/event3: 0003 0039 00000000
[   60257.039440] /dev/input/event3: 0003 0030 00000040
[   60257.039445] /dev/input/event3: 0003 003a 00000040
[   60257.039451] /dev/input/event3: 0003 0035 00000578
[   60257.039456] /dev/input/event3: 0003 0036 000001b5
[   60257.039461] /dev/input/event3: 0000 0002 00000000
[   60257.039466] /dev/input/event3: 0000 0000 00000000
[   60257.049303] /dev/input/event3: 0003 0039 00000000
[   60257.049327] /dev/input/event3: 0003 0030 00000040
[   60257.049333] /dev/input/event3: 0003 003a 00000040
[   60257.049338] /dev/input/event3: 0003 0035 0000056d
[   60257.049343] /dev/input/event3: 0003 0036 000001b4
[   60257.049348] /dev/input/event3: 0000 0002 00000000
[   60257.049353] /dev/input/event3: 0000 0000 00000000
[   60257.059339] /dev/input/event3: 0003 0039 00000000
[   60257.059366] /dev/input/event3: 0003 0030 00000040
[   60257.059371] /dev/input/event3: 0003 003a 00000040
[   60257.059376] /dev/input/event3: 0003 0035 00000561
[   60257.059382] /dev/input/event3: 0003 0036 000001b3
[   60257.059387] /dev/input/event3: 0000 0002 00000000
[   60257.059391] /dev/input/event3: 0000 0000 00000000
[   60257.069344] /dev/input/event3: 0003 0039 00000000
[   60257.069372] /dev/input/event3: 0003 0030 00000040
[   60257.069375] /dev/input/event3: 0003 003a 00000040
[   60257.069379] /dev/input/event3: 0003 0035 00000558
[   60257.069381] /dev/input/event3: 0003 0036 000001b2
[   60257.069384] /dev/input/event3: 0000 0002 00000000
[   60257.069387] /dev/input/event3: 0000 0000 00000000
[   60257.079387] /dev/input/event3: 0003 0039 00000000
[   60257.079416] /dev/input/event3: 0003 0030 00000040
[   60257.079419] /dev/input/event3: 0003 003a 00000040
[   60257.079422] /dev/input/event3: 0003 0035 00000551
[   60257.079425] /dev/input/event3: 0003 0036 000001b2
[   60257.079428] /dev/input/event3: 0000 0002 00000000
[   60257.079432] /dev/input/event3: 0000 0000 00000000
[   60257.089449] /dev/input/event3: 0003 0039 00000000
[   60257.089476] /dev/input/event3: 0003 0030 00000040
[   60257.089478] /dev/input/event3: 0003 003a 00000040
[   60257.089481] /dev/input/event3: 0003 0035 0000054c
[   60257.089483] /dev/input/event3: 0003 0036 000001b1
[   60257.089486] /dev/input/event3: 0000 0002 00000000
[   60257.089488] /dev/input/event3: 0000 0000 00000000
[   60257.099499] /dev/input/event3: 0003 0039 00000000
[   60257.099532] /dev/input/event3: 0003 0030 00000060
[   60257.099535] /dev/input/event3: 0003 003a 00000060
[   60257.099537] /dev/input/event3: 0003 0035 00000548
[   60257.099540] /dev/input/event3: 0003 0036 000001b1
[   60257.099542] /dev/input/event3: 0000 0002 00000000
[   60257.099545] /dev/input/event3: 0000 0000 00000000
[   60257.109514] /dev/input/event3: 0003 0039 00000000
[   60257.109539] /dev/input/event3: 0003 0030 00000040
[   60257.109542] /dev/input/event3: 0003 003a 00000040
[   60257.109544] /dev/input/event3: 0003 0035 00000543
[   60257.109547] /dev/input/event3: 0003 0036 000001b0
[   60257.109549] /dev/input/event3: 0000 0002 00000000
[   60257.109552] /dev/input/event3: 0000 0000 00000000
[   60257.119523] /dev/input/event3: 0003 0039 00000000
[   60257.119551] /dev/input/event3: 0003 0030 00000040
[   60257.119554] /dev/input/event3: 0003 003a 00000040
[   60257.119557] /dev/input/event3: 0003 0035 0000053c
[   60257.119559] /dev/input/event3: 0003 0036 000001b0
[   60257.119562] /dev/input/event3: 0000 0002 00000000
[   60257.119565] /dev/input/event3: 0000 0000 00000000
[   60257.129530] /dev/input/event3: 0003 0039 00000000
[   60257.129559] /dev/input/event3: 0003 0030 00000040
[   60257.129561] /dev/input/event3: 0003 003a 00000040
[   60257.129564] /dev/input/event3: 0003 0035 00000533
[   60257.129566] /dev/input/event3: 0003 0036 000001b0
[   60257.129569] /dev/input/event3: 0000 0002 00000000
[   60257.129571] /dev/input/event3: 0000 0000 00000000
[   60257.139652] /dev/input/event3: 0003 0039 00000000
[   60257.139681] /dev/input/event3: 0003 0030 00000060
[   60257.139684] /dev/input/event3: 0003 003a 00000060
[   60257.139687] /dev/input/event3: 0003 0035 0000052a
[   60257.139689] /dev/input/event3: 0003 0036 000001b0
[   60257.139692] /dev/input/event3: 0000 0002 00000000
[   60257.139694] /dev/input/event3: 0000 0000 00000000
[   60257.149591] /dev/input/event3: 0003 0039 00000000
[   60257.149624] /dev/input/event3: 0003 0030 00000040
[   60257.149626] /dev/input/event3: 0003 003a 00000040
[   60257.149629] /dev/input/event3: 0003 0035 00000523
[   60257.149631] /dev/input/event3: 0003 0036 000001b0
[   60257.149634] /dev/input/event3: 0000 0002 00000000
[   60257.149636] /dev/input/event3: 0000 0000 00000000
[   60257.159645] /dev/input/event3: 0003 0039 00000000
[   60257.159675] /dev/input/event3: 0003 0030 00000040
[   60257.159678] /dev/input/event3: 0003 003a 00000040
[   60257.159681] /dev/input/event3: 0003 0035 0000051d
[   60257.159683] /dev/input/event3: 0003 0036 000001af
[   60257.159686] /dev/input/event3: 0000 0002 00000000
[   60257.159688] /dev/input/event3: 0000 0000 00000000
[   60257.169648] /dev/input/event3: 0003 0039 00000000
[   60257.169678] /dev/input/event3: 0003 0030 00000060
[   60257.169680] /dev/input/event3: 0003 003a 00000060
[   60257.169683] /dev/input/event3: 0003 0035 00000519
[   60257.169685] /dev/input/event3: 0003 0036 000001af
[   60257.169688] /dev/input/event3: 0000 0002 00000000
[   60257.169690] /dev/input/event3: 0000 0000 00000000
[   60257.179691] /dev/input/event3: 0003 0039 00000000
[   60257.179721] /dev/input/event3: 0003 0030 00000060
[   60257.179724] /dev/input/event3: 0003 003a 00000060
[   60257.179727] /dev/input/event3: 0003 0035 00000516
[   60257.179729] /dev/input/event3: 0003 0036 000001af
[   60257.179731] /dev/input/event3: 0000 0002 00000000
[   60257.179734] /dev/input/event3: 0000 0000 00000000
[   60257.189769] /dev/input/event3: 0003 0039 00000000
[   60257.189791] /dev/input/event3: 0003 0030 00000060
[   60257.189794] /dev/input/event3: 0003 003a 00000060
[   60257.189796] /dev/input/event3: 0003 0035 00000512
[   60257.189799] /dev/input/event3: 0003 0036 000001af
[   60257.189801] /dev/input/event3: 0000 0002 00000000
[   60257.189803] /dev/input/event3: 0000 0000 00000000
[   60257.200311] /dev/input/event3: 0003 0039 00000000
[   60257.200343] /dev/input/event3: 0003 0030 00000040
[   60257.200346] /dev/input/event3: 0003 003a 00000040
[   60257.200348] /dev/input/event3: 0003 0035 0000050e
[   60257.200351] /dev/input/event3: 0003 0036 000001af
[   60257.200353] /dev/input/event3: 0000 0002 00000000
[   60257.200356] /dev/input/event3: 0000 0000 00000000
[   60257.210290] /dev/input/event3: 0003 0039 00000000
[   60257.210321] /dev/input/event3: 0003 0030 00000040
[   60257.210324] /dev/input/event3: 0003 003a 00000040
[   60257.210327] /dev/input/event3: 0003 0035 00000507
[   60257.210329] /dev/input/event3: 0003 0036 000001af
[   60257.210332] /dev/input/event3: 0000 0002 00000000
[   60257.210334] /dev/input/event3: 0000 0000 00000000
[   60257.220404] /dev/input/event3: 0003 0039 00000000
[   60257.220434] /dev/input/event3: 0003 0030 00000040
[   60257.220436] /dev/input/event3: 0003 003a 00000040
[   60257.220439] /dev/input/event3: 0003 0035 000004ff
[   60257.220441] /dev/input/event3: 0003 0036 000001af
[   60257.220444] /dev/input/event3: 0000 0002 00000000
[   60257.220447] /dev/input/event3: 0000 0000 00000000
[   60257.230430] /dev/input/event3: 0003 0039 00000000
[   60257.230459] /dev/input/event3: 0003 0030 00000060
[   60257.230462] /dev/input/event3: 0003 003a 00000060
[   60257.230464] /dev/input/event3: 0003 0035 000004f8
[   60257.230467] /dev/input/event3: 0003 0036 000001ae
[   60257.230469] /dev/input/event3: 0000 0002 00000000
[   60257.230472] /dev/input/event3: 0000 0000 00000000
[   60257.240412] /dev/input/event3: 0003 0039 00000000
[   60257.240432] /dev/input/event3: 0003 0030 00000060
[   60257.240434] /dev/input/event3: 0003 003a 00000060
[   60257.240437] /dev/input/event3: 0003 0035 000004f2
[   60257.240439] /dev/input/event3: 0003 0036 000001af
[   60257.240441] /dev/input/event3: 0000 0002 00000000
[   60257.240444] /dev/input/event3: 0000 0000 00000000
[   60257.250411] /dev/input/event3: 0003 0039 00000000
[   60257.250439] /dev/input/event3: 0003 0030 00000040
[   60257.250442] /dev/input/event3: 0003 003a 00000040
[   60257.250445] /dev/input/event3: 0003 0035 000004ec
[   60257.250447] /dev/input/event3: 0003 0036 000001af
[   60257.250450] /dev/input/event3: 0000 0002 00000000
[   60257.250453] /dev/input/event3: 0000 0000 00000000
[   60257.260447] /dev/input/event3: 0003 0039 00000000
[   60257.260483] /dev/input/event3: 0003 0030 00000040
[   60257.260486] /dev/input/event3: 0003 003a 00000040
[   60257.260489] /dev/input/event3: 0003 0035 000004e7
[   60257.260491] /dev/input/event3: 0003 0036 000001af
[   60257.260494] /dev/input/event3: 0000 0002 00000000
[   60257.260496] /dev/input/event3: 0000 0000 00000000
[   60257.270533] /dev/input/event3: 0003 0039 00000000
[   60257.270566] /dev/input/event3: 0003 0030 00000040
[   60257.270569] /dev/input/event3: 0003 003a 00000040
[   60257.270571] /dev/input/event3: 0003 0035 000004e4
[   60257.270574] /dev/input/event3: 0003 0036 000001ae
[   60257.270576] /dev/input/event3: 0000 0002 00000000
[   60257.270580] /dev/input/event3: 0000 0000 00000000
[   60257.280505] /dev/input/event3: 0003 0039 00000000
[   60257.280535] /dev/input/event3: 0003 0030 00000060
[   60257.280537] /dev/input/event3: 0003 003a 00000060
[   60257.280540] /dev/input/event3: 0003 0035 000004e2
[   60257.280542] /dev/input/event3: 0003 0036 000001ae
[   60257.280545] /dev/input/event3: 0000 0002 00000000
[   60257.280548] /dev/input/event3: 0000 0000 00000000
[   60257.290540] /dev/input/event3: 0003 0039 00000000
[   60257.290558] /dev/input/event3: 0003 0030 00000060
[   60257.290560] /dev/input/event3: 0003 003a 00000060
[   60257.290563] /dev/input/event3: 0003 0035 000004e0
[   60257.290565] /dev/input/event3: 0003 0036 000001ae
[   60257.290568] /dev/input/event3: 0000 0002 00000000
[   60257.290570] /dev/input/event3: 0000 0000 00000000
[   60257.300561] /dev/input/event3: 0003 0039 00000000
[   60257.300588] /dev/input/event3: 0003 0030 00000040
[   60257.300591] /dev/input/event3: 0003 003a 00000040
[   60257.300593] /dev/input/event3: 0003 0035 000004dd
[   60257.300596] /dev/input/event3: 0003 0036 000001ae
[   60257.300598] /dev/input/event3: 0000 0002 00000000
[   60257.300601] /dev/input/event3: 0000 0000 00000000
[   60257.310597] /dev/input/event3: 0003 0039 00000000
[   60257.310625] /dev/input/event3: 0003 0030 00000040
[   60257.310628] /dev/input/event3: 0003 003a 00000040
[   60257.310630] /dev/input/event3: 0003 0035 000004d9
[   60257.310633] /dev/input/event3: 0003 0036 000001af
[   60257.310635] /dev/input/event3: 0000 0002 00000000
[   60257.310638] /dev/input/event3: 0000 0000 00000000
[   60257.320649] /dev/input/event3: 0003 0039 00000000
[   60257.320678] /dev/input/event3: 0003 0030 00000040
[   60257.320680] /dev/input/event3: 0003 003a 00000040
[   60257.320683] /dev/input/event3: 0003 0035 000004d4
[   60257.320685] /dev/input/event3: 0003 0036 000001af
[   60257.320688] /dev/input/event3: 0000 0002 00000000
[   60257.320690] /dev/input/event3: 0000 0000 00000000
[   60257.330619] /dev/input/event3: 0003 0039 00000000
[   60257.330646] /dev/input/event3: 0003 0030 00000040
[   60257.330649] /dev/input/event3: 0003 003a 00000040
[   60257.330651] /dev/input/event3: 0003 0035 000004cd
[   60257.330654] /dev/input/event3: 0003 0036 000001af
[   60257.330656] /dev/input/event3: 0000 0002 00000000
[   60257.330659] /dev/input/event3: 0000 0000 00000000
[   60257.340610] /dev/input/event3: 0003 0039 00000000
[   60257.340628] /dev/input/event3: 0003 0030 00000040
[   60257.340630] /dev/input/event3: 0003 003a 00000040
[   60257.340633] /dev/input/event3: 0003 0035 000004c6
[   60257.340635] /dev/input/event3: 0003 0036 000001af
[   60257.340638] /dev/input/event3: 0000 0002 00000000
[   60257.340640] /dev/input/event3: 0000 0000 00000000
[   60257.350821] /dev/input/event3: 0003 0039 00000000
[   60257.350860] /dev/input/event3: 0003 0030 00000060
[   60257.350863] /dev/input/event3: 0003 003a 00000060
[   60257.350866] /dev/input/event3: 0003 0035 000004c0
[   60257.350868] /dev/input/event3: 0003 0036 000001af
[   60257.350871] /dev/input/event3: 0000 0002 00000000
[   60257.350873] /dev/input/event3: 0000 0000 00000000
[   60257.360758] /dev/input/event3: 0003 0039 00000000
[   60257.360790] /dev/input/event3: 0003 0030 00000040
[   60257.360792] /dev/input/event3: 0003 003a 00000040
[   60257.360795] /dev/input/event3: 0003 0035 000004bb
[   60257.360797] /dev/input/event3: 0003 0036 000001af
[   60257.360800] /dev/input/event3: 0000 0002 00000000
[   60257.360802] /dev/input/event3: 0000 0000 00000000
[   60257.370776] /dev/input/event3: 0003 0039 00000000
[   60257.370810] /dev/input/event3: 0003 0030 00000040
[   60257.370814] /dev/input/event3: 0003 003a 00000040
[   60257.370816] /dev/input/event3: 0003 0035 000004b6
[   60257.370819] /dev/input/event3: 0003 0036 000001af
[   60257.370821] /dev/input/event3: 0000 0002 00000000
[   60257.370823] /dev/input/event3: 0000 0000 00000000
[   60257.380778] /dev/input/event3: 0003 0039 00000000
[   60257.380811] /dev/input/event3: 0003 0030 00000060
[   60257.380814] /dev/input/event3: 0003 003a 00000060
[   60257.380816] /dev/input/event3: 0003 0035 000004b2
[   60257.380819] /dev/input/event3: 0003 0036 000001ae
[   60257.380821] /dev/input/event3: 0000 0002 00000000
[   60257.380824] /dev/input/event3: 0000 0000 00000000
[   60257.390773] /dev/input/event3: 0003 0039 00000000
[   60257.390799] /dev/input/event3: 0003 0030 00000060
[   60257.390802] /dev/input/event3: 0003 003a 00000060
[   60257.390805] /dev/input/event3: 0003 0035 000004af
[   60257.390807] /dev/input/event3: 0003 0036 000001ae
[   60257.390810] /dev/input/event3: 0000 0002 00000000
[   60257.390812] /dev/input/event3: 0000 0000 00000000
[   60257.401321] /dev/input/event3: 0003 0039 00000000
[   60257.401352] /dev/input/event3: 0003 0030 00000060
[   60257.401355] /dev/input/event3: 0003 003a 00000060
[   60257.401358] /dev/input/event3: 0003 0035 000004aa
[   60257.401360] /dev/input/event3: 0003 0036 000001ae
[   60257.401362] /dev/input/event3: 0000 0002 00000000
[   60257.401365] /dev/input/event3: 0000 0000 00000000
[   60257.411354] /dev/input/event3: 0003 0039 00000000
[   60257.411393] /dev/input/event3: 0003 0030 00000040
[   60257.411396] /dev/input/event3: 0003 003a 00000040
[   60257.411399] /dev/input/event3: 0003 0035 000004a4
[   60257.411401] /dev/input/event3: 0003 0036 000001ae
[   60257.411404] /dev/input/event3: 0000 0002 00000000
[   60257.411406] /dev/input/event3: 0000 0000 00000000
[   60257.421360] /dev/input/event3: 0003 0039 00000000
[   60257.421393] /dev/input/event3: 0003 0030 00000040
[   60257.421396] /dev/input/event3: 0003 003a 00000040
[   60257.421398] /dev/input/event3: 0003 0035 0000049a
[   60257.421401] /dev/input/event3: 0003 0036 000001ae
[   60257.421403] /dev/input/event3: 0000 0002 00000000
[   60257.421405] /dev/input/event3: 0000 0000 00000000
[   60257.431393] /dev/input/event3: 0003 0039 00000000
[   60257.431422] /dev/input/event3: 0003 0030 00000060
[   60257.431424] /dev/input/event3: 0003 003a 00000060
[   60257.431427] /dev/input/event3: 0003 0035 00000491
[   60257.431429] /dev/input/event3: 0003 0036 000001ae
[   60257.431432] /dev/input/event3: 0000 0002 00000000
[   60257.431435] /dev/input/event3: 0000 0000 00000000
[   60257.441402] /dev/input/event3: 0003 0039 00000000
[   60257.441431] /dev/input/event3: 0003 0030 00000040
[   60257.441433] /dev/input/event3: 0003 003a 00000040
[   60257.441436] /dev/input/event3: 0003 0035 00000488
[   60257.441438] /dev/input/event3: 0003 0036 000001ae
[   60257.441441] /dev/input/event3: 0000 0002 00000000
[   60257.441443] /dev/input/event3: 0000 0000 00000000
[   60257.451424] /dev/input/event3: 0003 0039 00000000
[   60257.451455] /dev/input/event3: 0003 0030 00000040
[   60257.451457] /dev/input/event3: 0003 003a 00000040
[   60257.451461] /dev/input/event3: 0003 0035 00000482
[   60257.451463] /dev/input/event3: 0003 0036 000001ae
[   60257.451466] /dev/input/event3: 0000 0002 00000000
[   60257.451469] /dev/input/event3: 0000 0000 00000000
[   60257.461503] /dev/input/event3: 0003 0039 00000000
[   60257.461531] /dev/input/event3: 0003 0030 00000060
[   60257.461534] /dev/input/event3: 0003 003a 00000060
[   60257.461536] /dev/input/event3: 0003 0035 0000047c
[   60257.461539] /dev/input/event3: 0003 0036 000001ae
[   60257.461541] /dev/input/event3: 0000 0002 00000000
[   60257.461544] /dev/input/event3: 0000 0000 00000000
[   60257.471543] /dev/input/event3: 0003 0039 00000000
[   60257.471574] /dev/input/event3: 0003 0030 00000060
[   60257.471577] /dev/input/event3: 0003 003a 00000060
[   60257.471580] /dev/input/event3: 0003 0035 00000477
[   60257.471582] /dev/input/event3: 0003 0036 000001ae
[   60257.471584] /dev/input/event3: 0000 0002 00000000
[   60257.471587] /dev/input/event3: 0000 0000 00000000
[   60257.481551] /dev/input/event3: 0003 0039 00000000
[   60257.481583] /dev/input/event3: 0003 0030 00000040
[   60257.481586] /dev/input/event3: 0003 003a 00000040
[   60257.481589] /dev/input/event3: 0003 0035 0000046e
[   60257.481591] /dev/input/event3: 0003 0036 000001ae
[   60257.481594] /dev/input/event3: 0000 0002 00000000
[   60257.481596] /dev/input/event3: 0000 0000 00000000
[   60257.491534] /dev/input/event3: 0003 0039 00000000
[   60257.491563] /dev/input/event3: 0003 0030 00000040
[   60257.491566] /dev/input/event3: 0003 003a 00000040
[   60257.491569] /dev/input/event3: 0003 0035 00000461
[   60257.491571] /dev/input/event3: 0003 0036 000001af
[   60257.491574] /dev/input/event3: 0000 0002 00000000
[   60257.491576] /dev/input/event3: 0000 0000 00000000
[   60257.501586] /dev/input/event3: 0003 0039 00000000
[   60257.501613] /dev/input/event3: 0003 0030 00000060
[   60257.501615] /dev/input/event3: 0003 003a 00000060
[   60257.501618] /dev/input/event3: 0003 0035 00000457
[   60257.501620] /dev/input/event3: 0003 0036 000001af
[   60257.501623] /dev/input/event3: 0000 0002 00000000
[   60257.501625] /dev/input/event3: 0000 0000 00000000
[   60257.511654] /dev/input/event3: 0003 0039 00000000
[   60257.511685] /dev/input/event3: 0003 0030 00000040
[   60257.511688] /dev/input/event3: 0003 003a 00000040
[   60257.511691] /dev/input/event3: 0003 0035 00000450
[   60257.511693] /dev/input/event3: 0003 0036 000001af
[   60257.511696] /dev/input/event3: 0000 0002 00000000
[   60257.511698] /dev/input/event3: 0000 0000 00000000
[   60257.521709] /dev/input/event3: 0003 0039 00000000
[   60257.521739] /dev/input/event3: 0003 0030 00000060
[   60257.521741] /dev/input/event3: 0003 003a 00000060
[   60257.521744] /dev/input/event3: 0003 0035 0000044a
[   60257.521746] /dev/input/event3: 0003 0036 000001af
[   60257.521749] /dev/input/event3: 0000 0002 00000000
[   60257.521752] /dev/input/event3: 0000 0000 00000000
[   60257.531705] /dev/input/event3: 0003 0039 00000000
[   60257.531737] /dev/input/event3: 0003 0030 00000060
[   60257.531739] /dev/input/event3: 0003 003a 00000060
[   60257.531742] /dev/input/event3: 0003 0035 00000445
[   60257.531744] /dev/input/event3: 0003 0036 000001af
[   60257.531747] /dev/input/event3: 0000 0002 00000000
[   60257.531749] /dev/input/event3: 0000 0000 00000000
[   60257.541710] /dev/input/event3: 0003 0039 00000000
[   60257.541746] /dev/input/event3: 0003 0030 00000040
[   60257.541749] /dev/input/event3: 0003 003a 00000040
[   60257.541752] /dev/input/event3: 0003 0035 0000043d
[   60257.541754] /dev/input/event3: 0003 0036 000001af
[   60257.541757] /dev/input/event3: 0000 0002 00000000
[   60257.541760] /dev/input/event3: 0000 0000 00000000
[   60257.551731] /dev/input/event3: 0003 0039 00000000
[   60257.551765] /dev/input/event3: 0003 0030 00000040
[   60257.551767] /dev/input/event3: 0003 003a 00000040
[   60257.551770] /dev/input/event3: 0003 0035 00000430
[   60257.551773] /dev/input/event3: 0003 0036 000001b0
[   60257.551775] /dev/input/event3: 0000 0002 00000000
[   60257.551778] /dev/input/event3: 0000 0000 00000000
[   60257.561706] /dev/input/event3: 0003 0039 00000000
[   60257.561734] /dev/input/event3: 0003 0030 00000040
[   60257.561737] /dev/input/event3: 0003 003a 00000040
[   60257.561740] /dev/input/event3: 0003 0035 00000425
[   60257.561742] /dev/input/event3: 0003 0036 000001b0
[   60257.561745] /dev/input/event3: 0000 0002 00000000
[   60257.561747] /dev/input/event3: 0000 0000 00000000
[   60257.571753] /dev/input/event3: 0003 0039 00000000
[   60257.571784] /dev/input/event3: 0003 0030 00000020
[   60257.571786] /dev/input/event3: 0003 003a 00000020
[   60257.571789] /dev/input/event3: 0003 0035 0000041c
[   60257.571792] /dev/input/event3: 0003 0036 000001b1
[   60257.571794] /dev/input/event3: 0000 0002 00000000
[   60257.571797] /dev/input/event3: 0000 0000 00000000
[   60257.581746] /dev/input/event3: 0003 0039 00000000
[   60257.581765] /dev/input/event3: 0003 0030 00000040
[   60257.581767] /dev/input/event3: 0003 003a 00000040
[   60257.581770] /dev/input/event3: 0003 0035 00000416
[   60257.581772] /dev/input/event3: 0003 0036 000001b1
[   60257.581775] /dev/input/event3: 0000 0002 00000000
[   60257.581777] /dev/input/event3: 0000 0000 00000000
[   60257.593373] /dev/input/event3: 0003 0039 00000000
[   60257.593397] /dev/input/event3: 0003 0030 00000040
[   60257.593400] /dev/input/event3: 0003 003a 00000040
[   60257.593402] /dev/input/event3: 0003 0035 00000410
[   60257.593405] /dev/input/event3: 0003 0036 000001b1
[   60257.593407] /dev/input/event3: 0000 0002 00000000
[   60257.593410] /dev/input/event3: 0000 0000 00000000
[   60257.602263] /dev/input/event3: 0003 0039 00000000
[   60257.602282] /dev/input/event3: 0003 0030 00000040
[   60257.602285] /dev/input/event3: 0003 003a 00000040
[   60257.602287] /dev/input/event3: 0003 0035 00000406
[   60257.602290] /dev/input/event3: 0003 0036 000001b2
[   60257.602292] /dev/input/event3: 0000 0002 00000000
[   60257.602295] /dev/input/event3: 0000 0000 00000000
[   60257.612306] /dev/input/event3: 0003 0039 00000000
[   60257.612333] /dev/input/event3: 0003 0030 00000040
[   60257.612335] /dev/input/event3: 0003 003a 00000040
[   60257.612338] /dev/input/event3: 0003 0035 000003f7
[   60257.612340] /dev/input/event3: 0003 0036 000001b3
[   60257.612343] /dev/input/event3: 0000 0002 00000000
[   60257.612346] /dev/input/event3: 0000 0000 00000000
[   60257.622369] /dev/input/event3: 0003 0039 00000000
[   60257.622399] /dev/input/event3: 0003 0030 00000060
[   60257.622401] /dev/input/event3: 0003 003a 00000060
[   60257.622404] /dev/input/event3: 0003 0035 000003ed
[   60257.622406] /dev/input/event3: 0003 0036 000001b4
[   60257.622409] /dev/input/event3: 0000 0002 00000000
[   60257.622411] /dev/input/event3: 0000 0000 00000000
[   60257.632366] /dev/input/event3: 0003 0039 00000000
[   60257.632383] /dev/input/event3: 0003 0030 00000040
[   60257.632386] /dev/input/event3: 0003 003a 00000040
[   60257.632388] /dev/input/event3: 0003 0035 000003e7
[   60257.632391] /dev/input/event3: 0003 0036 000001b4
[   60257.632393] /dev/input/event3: 0000 0002 00000000
[   60257.632396] /dev/input/event3: 0000 0000 00000000
[   60257.642411] /dev/input/event3: 0003 0039 00000000
[   60257.642438] /dev/input/event3: 0003 0030 00000040
[   60257.642441] /dev/input/event3: 0003 003a 00000040
[   60257.642444] /dev/input/event3: 0003 0035 000003e1
[   60257.642446] /dev/input/event3: 0003 0036 000001b4
[   60257.642449] /dev/input/event3: 0000 0002 00000000
[   60257.642451] /dev/input/event3: 0000 0000 00000000
[   60257.652456] /dev/input/event3: 0003 0039 00000000
[   60257.652488] /dev/input/event3: 0003 0030 00000040
[   60257.652491] /dev/input/event3: 0003 003a 00000040
[   60257.652494] /dev/input/event3: 0003 0035 000003db
[   60257.652496] /dev/input/event3: 0003 0036 000001b4
[   60257.652498] /dev/input/event3: 0000 0002 00000000
[   60257.652502] /dev/input/event3: 0000 0000 00000000
[   60257.662447] /dev/input/event3: 0003 0039 00000000
[   60257.662474] /dev/input/event3: 0003 0030 00000040
[   60257.662477] /dev/input/event3: 0003 003a 00000040
[   60257.662479] /dev/input/event3: 0003 0035 000003ce
[   60257.662482] /dev/input/event3: 0003 0036 000001b5
[   60257.662484] /dev/input/event3: 0000 0002 00000000
[   60257.662487] /dev/input/event3: 0000 0000 00000000
[   60257.672460] /dev/input/event3: 0003 0039 00000000
[   60257.672487] /dev/input/event3: 0003 0030 00000060
[   60257.672490] /dev/input/event3: 0003 003a 00000060
[   60257.672493] /dev/input/event3: 0003 0035 000003c2
[   60257.672495] /dev/input/event3: 0003 0036 000001b6
[   60257.672498] /dev/input/event3: 0000 0002 00000000
[   60257.672500] /dev/input/event3: 0000 0000 00000000
[   60257.682478] /dev/input/event3: 0003 0039 00000000
[   60257.682497] /dev/input/event3: 0003 0030 00000040
[   60257.682499] /dev/input/event3: 0003 003a 00000040
[   60257.682502] /dev/input/event3: 0003 0035 000003b8
[   60257.682504] /dev/input/event3: 0003 0036 000001b6
[   60257.682507] /dev/input/event3: 0000 0002 00000000
[   60257.682509] /dev/input/event3: 0000 0000 00000000
[   60257.693215] /dev/input/event3: 0003 0039 00000000
[   60257.693240] /dev/input/event3: 0003 0030 00000040
[   60257.693243] /dev/input/event3: 0003 003a 00000040
[   60257.693246] /dev/input/event3: 0003 0035 000003b2
[   60257.693248] /dev/input/event3: 0003 0036 000001b6
[   60257.693251] /dev/input/event3: 0000 0002 00000000
[   60257.693253] /dev/input/event3: 0000 0000 00000000
[   60257.702595] /dev/input/event3: 0003 0039 00000000
[   60257.702634] /dev/input/event3: 0003 0030 00000060
[   60257.702638] /dev/input/event3: 0003 003a 00000060
[   60257.702640] /dev/input/event3: 0003 0035 000003ad
[   60257.702643] /dev/input/event3: 0003 0036 000001b7
[   60257.702645] /dev/input/event3: 0000 0002 00000000
[   60257.702650] /dev/input/event3: 0000 0000 00000000
[   60257.712527] /dev/input/event3: 0003 0039 00000000
[   60257.712543] /dev/input/event3: 0003 0030 00000040
[   60257.712545] /dev/input/event3: 0003 003a 00000040
[   60257.712548] /dev/input/event3: 0003 0035 000003a6
[   60257.712550] /dev/input/event3: 0003 0036 000001b6
[   60257.712553] /dev/input/event3: 0000 0002 00000000
[   60257.712555] /dev/input/event3: 0000 0000 00000000
[   60257.724637] /dev/input/event3: 0003 0039 00000000
[   60257.724662] /dev/input/event3: 0003 0030 00000060
[   60257.724665] /dev/input/event3: 0003 003a 00000060
[   60257.724668] /dev/input/event3: 0003 0035 0000039c
[   60257.724670] /dev/input/event3: 0003 0036 000001b7
[   60257.724673] /dev/input/event3: 0000 0002 00000000
[   60257.724675] /dev/input/event3: 0000 0000 00000000
[   60257.732565] /dev/input/event3: 0003 0039 00000000
[   60257.732590] /dev/input/event3: 0003 0030 00000060
[   60257.732593] /dev/input/event3: 0003 003a 00000060
[   60257.732596] /dev/input/event3: 0003 0035 00000390
[   60257.732598] /dev/input/event3: 0003 0036 000001b7
[   60257.732601] /dev/input/event3: 0000 0002 00000000
[   60257.732603] /dev/input/event3: 0000 0000 00000000
[   60257.742638] /dev/input/event3: 0003 0039 00000000
[   60257.742686] /dev/input/event3: 0003 0030 00000040
[   60257.742690] /dev/input/event3: 0003 003a 00000040
[   60257.742692] /dev/input/event3: 0003 0035 00000386
[   60257.742695] /dev/input/event3: 0003 0036 000001b8
[   60257.742697] /dev/input/event3: 0000 0002 00000000
[   60257.742700] /dev/input/event3: 0000 0000 00000000
[   60257.752672] /dev/input/event3: 0003 0039 00000000
[   60257.752699] /dev/input/event3: 0003 0030 00000040
[   60257.752701] /dev/input/event3: 0003 003a 00000040
[   60257.752704] /dev/input/event3: 0003 0035 0000037f
[   60257.752706] /dev/input/event3: 0003 0036 000001b8
[   60257.752709] /dev/input/event3: 0000 0002 00000000
[   60257.752711] /dev/input/event3: 0000 0000 00000000
[   60257.762696] /dev/input/event3: 0003 0039 00000000
[   60257.762722] /dev/input/event3: 0003 0030 00000060
[   60257.762724] /dev/input/event3: 0003 003a 00000060
[   60257.762727] /dev/input/event3: 0003 0035 0000037a
[   60257.762729] /dev/input/event3: 0003 0036 000001b8
[   60257.762732] /dev/input/event3: 0000 0002 00000000
[   60257.762734] /dev/input/event3: 0000 0000 00000000
[   60257.772712] /dev/input/event3: 0003 0039 00000000
[   60257.772729] /dev/input/event3: 0003 0030 00000040
[   60257.772732] /dev/input/event3: 0003 003a 00000040
[   60257.772734] /dev/input/event3: 0003 0035 00000373
[   60257.772737] /dev/input/event3: 0003 0036 000001b8
[   60257.772739] /dev/input/event3: 0000 0002 00000000
[   60257.772742] /dev/input/event3: 0000 0000 00000000
[   60257.782797] /dev/input/event3: 0003 0039 00000000
[   60257.782827] /dev/input/event3: 0003 0030 00000060
[   60257.782829] /dev/input/event3: 0003 003a 00000060
[   60257.782832] /dev/input/event3: 0003 0035 00000369
[   60257.782834] /dev/input/event3: 0003 0036 000001b8
[   60257.782837] /dev/input/event3: 0000 0002 00000000
[   60257.782840] /dev/input/event3: 0000 0000 00000000
[   60257.793401] /dev/input/event3: 0003 0039 00000000
[   60257.793434] /dev/input/event3: 0003 0030 00000060
[   60257.793436] /dev/input/event3: 0003 003a 00000060
[   60257.793439] /dev/input/event3: 0003 0035 0000035d
[   60257.793441] /dev/input/event3: 0003 0036 000001b8
[   60257.793444] /dev/input/event3: 0000 0002 00000000
[   60257.793448] /dev/input/event3: 0000 0000 00000000
[   60257.803544] /dev/input/event3: 0003 0039 00000000
[   60257.803568] /dev/input/event3: 0003 0030 00000040
[   60257.803571] /dev/input/event3: 0003 003a 00000040
[   60257.803574] /dev/input/event3: 0003 0035 00000353
[   60257.803576] /dev/input/event3: 0003 0036 000001b8
[   60257.803579] /dev/input/event3: 0000 0002 00000000
[   60257.803583] /dev/input/event3: 0000 0000 00000000
[   60257.813461] /dev/input/event3: 0003 0039 00000000
[   60257.813492] /dev/input/event3: 0003 0030 00000040
[   60257.813496] /dev/input/event3: 0003 003a 00000040
[   60257.813498] /dev/input/event3: 0003 0035 0000034c
[   60257.813501] /dev/input/event3: 0003 0036 000001b8
[   60257.813503] /dev/input/event3: 0000 0002 00000000
[   60257.813505] /dev/input/event3: 0000 0000 00000000
[   60257.823478] /dev/input/event3: 0003 0039 00000000
[   60257.823507] /dev/input/event3: 0003 0030 00000060
[   60257.823509] /dev/input/event3: 0003 003a 00000060
[   60257.823512] /dev/input/event3: 0003 0035 00000346
[   60257.823514] /dev/input/event3: 0003 0036 000001b8
[   60257.823517] /dev/input/event3: 0000 0002 00000000
[   60257.823519] /dev/input/event3: 0000 0000 00000000
[   60257.833519] /dev/input/event3: 0003 0039 00000000
[   60257.833550] /dev/input/event3: 0003 0030 00000040
[   60257.833553] /dev/input/event3: 0003 003a 00000040
[   60257.833556] /dev/input/event3: 0003 0035 00000340
[   60257.833558] /dev/input/event3: 0003 0036 000001b8
[   60257.833561] /dev/input/event3: 0000 0002 00000000
[   60257.833563] /dev/input/event3: 0000 0000 00000000
[   60257.843502] /dev/input/event3: 0003 0039 00000000
[   60257.843535] /dev/input/event3: 0003 0030 00000040
[   60257.843538] /dev/input/event3: 0003 003a 00000040
[   60257.843540] /dev/input/event3: 0003 0035 00000335
[   60257.843543] /dev/input/event3: 0003 0036 000001b8
[   60257.843545] /dev/input/event3: 0000 0002 00000000
[   60257.843548] /dev/input/event3: 0000 0000 00000000
[   60257.853491] /dev/input/event3: 0003 0039 00000000
[   60257.853508] /dev/input/event3: 0003 0030 00000060
[   60257.853510] /dev/input/event3: 0003 003a 00000060
[   60257.853513] /dev/input/event3: 0003 0035 00000329
[   60257.853515] /dev/input/event3: 0003 0036 000001b8
[   60257.853518] /dev/input/event3: 0000 0002 00000000
[   60257.853520] /dev/input/event3: 0000 0000 00000000
[   60257.863622] /dev/input/event3: 0003 0039 00000000
[   60257.863663] /dev/input/event3: 0003 0030 00000040
[   60257.863665] /dev/input/event3: 0003 003a 00000040
[   60257.863668] /dev/input/event3: 0003 0035 0000031f
[   60257.863670] /dev/input/event3: 0003 0036 000001b7
[   60257.863673] /dev/input/event3: 0000 0002 00000000
[   60257.863676] /dev/input/event3: 0000 0000 00000000
[   60257.873594] /dev/input/event3: 0003 0039 00000000
[   60257.873628] /dev/input/event3: 0003 0030 00000040
[   60257.873631] /dev/input/event3: 0003 003a 00000040
[   60257.873633] /dev/input/event3: 0003 0035 00000318
[   60257.873636] /dev/input/event3: 0003 0036 000001b7
[   60257.873638] /dev/input/event3: 0000 0002 00000000
[   60257.873641] /dev/input/event3: 0000 0000 00000000
[   60257.883676] /dev/input/event3: 0003 0039 00000000
[   60257.883703] /dev/input/event3: 0003 0030 00000060
[   60257.883705] /dev/input/event3: 0003 003a 00000060
[   60257.883707] /dev/input/event3: 0003 0035 00000313
[   60257.883710] /dev/input/event3: 0003 0036 000001b7
[   60257.883712] /dev/input/event3: 0000 0002 00000000
[   60257.883715] /dev/input/event3: 0000 0000 00000000
[   60257.893642] /dev/input/event3: 0003 0039 00000000
[   60257.893672] /dev/input/event3: 0003 0030 00000040
[   60257.893675] /dev/input/event3: 0003 003a 00000040
[   60257.893678] /dev/input/event3: 0003 0035 0000030c
[   60257.893681] /dev/input/event3: 0003 0036 000001b7
[   60257.893683] /dev/input/event3: 0000 0002 00000000
[   60257.893686] /dev/input/event3: 0000 0000 00000000
[   60257.903662] /dev/input/event3: 0003 0039 00000000
[   60257.903691] /dev/input/event3: 0003 0030 00000040
[   60257.903694] /dev/input/event3: 0003 003a 00000040
[   60257.903696] /dev/input/event3: 0003 0035 00000302
[   60257.903699] /dev/input/event3: 0003 0036 000001b7
[   60257.903701] /dev/input/event3: 0000 0002 00000000
[   60257.903704] /dev/input/event3: 0000 0000 00000000
[   60257.913683] /dev/input/event3: 0003 0039 00000000
[   60257.913700] /dev/input/event3: 0003 0030 00000060
[   60257.913703] /dev/input/event3: 0003 003a 00000060
[   60257.913705] /dev/input/event3: 0003 0035 000002f6
[   60257.913708] /dev/input/event3: 0003 0036 000001b7
[   60257.913710] /dev/input/event3: 0000 0002 00000000
[   60257.913713] /dev/input/event3: 0000 0000 00000000
[   60257.924882] /dev/input/event3: 0003 0039 00000000
[   60257.924912] /dev/input/event3: 0003 0030 00000040
[   60257.924914] /dev/input/event3: 0003 003a 00000040
[   60257.924916] /dev/input/event3: 0003 0035 000002ec
[   60257.924919] /dev/input/event3: 0003 0036 000001b6
[   60257.924921] /dev/input/event3: 0000 0002 00000000
[   60257.924924] /dev/input/event3: 0000 0000 00000000
[   60257.933710] /dev/input/event3: 0003 0039 00000000
[   60257.933738] /dev/input/event3: 0003 0030 00000040
[   60257.933741] /dev/input/event3: 0003 003a 00000040
[   60257.933743] /dev/input/event3: 0003 0035 000002e5
[   60257.933746] /dev/input/event3: 0003 0036 000001b6
[   60257.933748] /dev/input/event3: 0000 0002 00000000
[   60257.933751] /dev/input/event3: 0000 0000 00000000
[   60257.943748] /dev/input/event3: 0003 0039 00000000
[   60257.943774] /dev/input/event3: 0003 0030 00000040
[   60257.943776] /dev/input/event3: 0003 003a 00000040
[   60257.943779] /dev/input/event3: 0003 0035 000002e0
[   60257.943782] /dev/input/event3: 0003 0036 000001b6
[   60257.943784] /dev/input/event3: 0000 0002 00000000
[   60257.943787] /dev/input/event3: 0000 0000 00000000
[   60257.953770] /dev/input/event3: 0003 0039 00000000
[   60257.953800] /dev/input/event3: 0003 0030 00000040
[   60257.953802] /dev/input/event3: 0003 003a 00000040
[   60257.953805] /dev/input/event3: 0003 0035 000002da
[   60257.953807] /dev/input/event3: 0003 0036 000001b5
[   60257.953810] /dev/input/event3: 0000 0002 00000000
[   60257.953812] /dev/input/event3: 0000 0000 00000000
[   60257.963762] /dev/input/event3: 0003 0039 00000000
[   60257.963778] /dev/input/event3: 0003 0030 00000040
[   60257.963781] /dev/input/event3: 0003 003a 00000040
[   60257.963783] /dev/input/event3: 0003 0035 000002d2
[   60257.963786] /dev/input/event3: 0003 0036 000001b5
[   60257.963788] /dev/input/event3: 0000 0002 00000000
[   60257.963791] /dev/input/event3: 0000 0000 00000000
[   60257.975170] /dev/input/event3: 0003 0039 00000000
[   60257.975198] /dev/input/event3: 0003 0030 00000040
[   60257.975201] /dev/input/event3: 0003 003a 00000040
[   60257.975203] /dev/input/event3: 0003 0035 000002c6
[   60257.975206] /dev/input/event3: 0003 0036 000001b5
[   60257.975209] /dev/input/event3: 0000 0002 00000000
[   60257.975211] /dev/input/event3: 0000 0000 00000000
[   60257.983776] /dev/input/event3: 0003 0039 00000000
[   60257.983799] /dev/input/event3: 0003 0030 00000060
[   60257.983802] /dev/input/event3: 0003 003a 00000060
[   60257.983804] /dev/input/event3: 0003 0035 000002bb
[   60257.983807] /dev/input/event3: 0003 0036 000001b5
[   60257.983809] /dev/input/event3: 0000 0002 00000000
[   60257.983811] /dev/input/event3: 0000 0000 00000000
[   60257.994311] /dev/input/event3: 0003 0039 00000000
[   60257.994342] /dev/input/event3: 0003 0030 00000020
[   60257.994345] /dev/input/event3: 0003 003a 00000020
[   60257.994347] /dev/input/event3: 0003 0035 000002b3
[   60257.994350] /dev/input/event3: 0003 0036 000001b5
[   60257.994352] /dev/input/event3: 0000 0002 00000000
[   60257.994355] /dev/input/event3: 0000 0000 00000000
[   60258.004343] /dev/input/event3: 0003 0039 00000000
[   60258.004374] /dev/input/event3: 0003 0030 00000040
[   60258.004376] /dev/input/event3: 0003 003a 00000040
[   60258.004379] /dev/input/event3: 0003 0035 000002ae
[   60258.004381] /dev/input/event3: 0003 0036 000001b4
[   60258.004384] /dev/input/event3: 0000 0002 00000000
[   60258.004386] /dev/input/event3: 0000 0000 00000000
[   60258.014347] /dev/input/event3: 0003 0039 00000000
[   60258.014366] /dev/input/event3: 0003 0030 00000040
[   60258.014368] /dev/input/event3: 0003 003a 00000040
[   60258.014371] /dev/input/event3: 0003 0035 000002a8
[   60258.014373] /dev/input/event3: 0003 0036 000001b4
[   60258.014376] /dev/input/event3: 0000 0002 00000000
[   60258.014378] /dev/input/event3: 0000 0000 00000000
[   60258.024795] /dev/input/event3: 0003 0039 00000000
[   60258.024814] /dev/input/event3: 0003 0030 00000040
[   60258.024817] /dev/input/event3: 0003 003a 00000040
[   60258.024819] /dev/input/event3: 0003 0035 0000029f
[   60258.024822] /dev/input/event3: 0003 0036 000001b4
[   60258.024824] /dev/input/event3: 0000 0002 00000000
[   60258.024827] /dev/input/event3: 0000 0000 00000000
[   60258.034396] /dev/input/event3: 0003 0039 00000000
[   60258.034429] /dev/input/event3: 0003 0030 00000040
[   60258.034433] /dev/input/event3: 0003 003a 00000040
[   60258.034436] /dev/input/event3: 0003 0035 00000292
[   60258.034438] /dev/input/event3: 0003 0036 000001b4
[   60258.034441] /dev/input/event3: 0000 0002 00000000
[   60258.034444] /dev/input/event3: 0000 0000 00000000
[   60258.044350] /dev/input/event3: 0003 0039 00000000
[   60258.044383] /dev/input/event3: 0003 0030 00000020
[   60258.044386] /dev/input/event3: 0003 003a 00000020
[   60258.044389] /dev/input/event3: 0003 0035 00000287
[   60258.044391] /dev/input/event3: 0003 0036 000001b4
[   60258.044394] /dev/input/event3: 0000 0002 00000000
[   60258.044397] /dev/input/event3: 0000 0000 00000000
[   60258.054361] /dev/input/event3: 0003 0039 00000000
[   60258.054387] /dev/input/event3: 0003 0030 00000020
[   60258.054389] /dev/input/event3: 0003 003a 00000020
[   60258.054392] /dev/input/event3: 0003 0035 0000027f
[   60258.054395] /dev/input/event3: 0003 0036 000001b4
[   60258.054397] /dev/input/event3: 0000 0002 00000000
[   60258.054400] /dev/input/event3: 0000 0000 00000000
[   60258.064397] /dev/input/event3: 0003 0039 00000000
[   60258.064431] /dev/input/event3: 0003 0030 00000040
[   60258.064433] /dev/input/event3: 0003 003a 00000040
[   60258.064436] /dev/input/event3: 0003 0035 00000279
[   60258.064438] /dev/input/event3: 0003 0036 000001b4
[   60258.064441] /dev/input/event3: 0000 0002 00000000
[   60258.064443] /dev/input/event3: 0000 0000 00000000
[   60258.074403] /dev/input/event3: 0003 0039 00000000
[   60258.074435] /dev/input/event3: 0003 0030 00000040
[   60258.074437] /dev/input/event3: 0003 003a 00000040
[   60258.074440] /dev/input/event3: 0003 0035 00000273
[   60258.074442] /dev/input/event3: 0003 0036 000001b4
[   60258.074445] /dev/input/event3: 0000 0002 00000000
[   60258.074448] /dev/input/event3: 0000 0000 00000000
[   60258.084442] /dev/input/event3: 0003 0039 00000000
[   60258.084469] /dev/input/event3: 0003 0030 00000040
[   60258.084472] /dev/input/event3: 0003 003a 00000040
[   60258.084474] /dev/input/event3: 0003 0035 00000265
[   60258.084477] /dev/input/event3: 0003 0036 000001b4
[   60258.084479] /dev/input/event3: 0000 0002 00000000
[   60258.084482] /dev/input/event3: 0000 0000 00000000
[   60258.094451] /dev/input/event3: 0003 0039 00000000
[   60258.094479] /dev/input/event3: 0003 0030 00000060
[   60258.094482] /dev/input/event3: 0003 003a 00000060
[   60258.094484] /dev/input/event3: 0003 0035 00000257
[   60258.094487] /dev/input/event3: 0003 0036 000001b5
[   60258.094490] /dev/input/event3: 0000 0002 00000000
[   60258.094493] /dev/input/event3: 0000 0000 00000000
[   60258.104454] /dev/input/event3: 0003 0039 00000000
[   60258.104473] /dev/input/event3: 0003 0030 00000040
[   60258.104476] /dev/input/event3: 0003 003a 00000040
[   60258.104478] /dev/input/event3: 0003 0035 0000024d
[   60258.104481] /dev/input/event3: 0003 0036 000001b5
[   60258.104484] /dev/input/event3: 0000 0002 00000000
[   60258.104486] /dev/input/event3: 0000 0000 00000000
[   60258.114563] /dev/input/event3: 0003 0039 00000000
[   60258.114593] /dev/input/event3: 0003 0030 00000060
[   60258.114596] /dev/input/event3: 0003 003a 00000060
[   60258.114599] /dev/input/event3: 0003 0035 00000247
[   60258.114601] /dev/input/event3: 0003 0036 000001b5
[   60258.114604] /dev/input/event3: 0000 0002 00000000
[   60258.114607] /dev/input/event3: 0000 0000 00000000
[   60258.124545] /dev/input/event3: 0003 0039 00000000
[   60258.124576] /dev/input/event3: 0003 0030 00000040
[   60258.124578] /dev/input/event3: 0003 003a 00000040
[   60258.124582] /dev/input/event3: 0003 0035 00000241
[   60258.124585] /dev/input/event3: 0003 0036 000001b5
[   60258.124587] /dev/input/event3: 0000 0002 00000000
[   60258.124590] /dev/input/event3: 0000 0000 00000000
[   60258.134533] /dev/input/event3: 0003 0039 00000000
[   60258.134562] /dev/input/event3: 0003 0030 00000040
[   60258.134565] /dev/input/event3: 0003 003a 00000040
[   60258.134568] /dev/input/event3: 0003 0035 00000238
[   60258.134570] /dev/input/event3: 0003 0036 000001b6
[   60258.134573] /dev/input/event3: 0000 0002 00000000
[   60258.134576] /dev/input/event3: 0000 0000 00000000
[   60258.144595] /dev/input/event3: 0003 0039 00000000
[   60258.144629] /dev/input/event3: 0003 0030 00000040
[   60258.144632] /dev/input/event3: 0003 003a 00000040
[   60258.144635] /dev/input/event3: 0003 0035 0000022b
[   60258.144637] /dev/input/event3: 0003 0036 000001b6
[   60258.144640] /dev/input/event3: 0000 0002 00000000
[   60258.144642] /dev/input/event3: 0000 0000 00000000
[   60258.154583] /dev/input/event3: 0003 0039 00000000
[   60258.154601] /dev/input/event3: 0003 0030 00000060
[   60258.154603] /dev/input/event3: 0003 003a 00000060
[   60258.154606] /dev/input/event3: 0003 0035 00000220
[   60258.154609] /dev/input/event3: 0003 0036 000001b6
[   60258.154611] /dev/input/event3: 0000 0002 00000000
[   60258.154614] /dev/input/event3: 0000 0000 00000000
[   60258.164636] /dev/input/event3: 0003 0039 00000000
[   60258.164665] /dev/input/event3: 0003 0030 00000040
[   60258.164668] /dev/input/event3: 0003 003a 00000040
[   60258.164671] /dev/input/event3: 0003 0035 00000219
[   60258.164673] /dev/input/event3: 0003 0036 000001b6
[   60258.164676] /dev/input/event3: 0000 0002 00000000
[   60258.164679] /dev/input/event3: 0000 0000 00000000
[   60258.174636] /dev/input/event3: 0003 0039 00000000
[   60258.174664] /dev/input/event3: 0003 0030 00000040
[   60258.174667] /dev/input/event3: 0003 003a 00000040
[   60258.174670] /dev/input/event3: 0003 0035 00000212
[   60258.174672] /dev/input/event3: 0003 0036 000001b6
[   60258.174675] /dev/input/event3: 0000 0002 00000000
[   60258.174678] /dev/input/event3: 0000 0000 00000000
[   60258.184679] /dev/input/event3: 0003 0039 00000000
[   60258.184706] /dev/input/event3: 0003 0030 00000040
[   60258.184709] /dev/input/event3: 0003 003a 00000040
[   60258.184712] /dev/input/event3: 0003 0035 0000020c
[   60258.184715] /dev/input/event3: 0003 0036 000001b5
[   60258.184718] /dev/input/event3: 0000 0002 00000000
[   60258.184720] /dev/input/event3: 0000 0000 00000000
[   60258.195245] /dev/input/event3: 0003 0039 00000000
[   60258.195275] /dev/input/event3: 0003 0030 00000040
[   60258.195279] /dev/input/event3: 0003 003a 00000040
[   60258.195282] /dev/input/event3: 0003 0035 00000202
[   60258.195284] /dev/input/event3: 0003 0036 000001b5
[   60258.195287] /dev/input/event3: 0000 0002 00000000
[   60258.195290] /dev/input/event3: 0000 0000 00000000
[   60258.205251] /dev/input/event3: 0003 0039 00000000
[   60258.205278] /dev/input/event3: 0003 0030 00000040
[   60258.205281] /dev/input/event3: 0003 003a 00000040
[   60258.205284] /dev/input/event3: 0003 0035 000001f5
[   60258.205286] /dev/input/event3: 0003 0036 000001b5
[   60258.205289] /dev/input/event3: 0000 0002 00000000
[   60258.205292] /dev/input/event3: 0000 0000 00000000
[   60258.215350] /dev/input/event3: 0003 0039 00000000
[   60258.215385] /dev/input/event3: 0003 0030 00000020
[   60258.215388] /dev/input/event3: 0003 003a 00000020
[   60258.215391] /dev/input/event3: 0003 0035 000001eb
[   60258.215394] /dev/input/event3: 0003 0036 000001b4
[   60258.215396] /dev/input/event3: 0000 0002 00000000
[   60258.215400] /dev/input/event3: 0000 0000 00000000
[   60258.225412] /dev/input/event3: 0003 0039 00000000
[   60258.225463] /dev/input/event3: 0003 0030 00000020
[   60258.225467] /dev/input/event3: 0003 003a 00000020
[   60258.225472] /dev/input/event3: 0003 0035 000001e2
[   60258.225475] /dev/input/event3: 0003 0036 000001b4
[   60258.225478] /dev/input/event3: 0000 0002 00000000
[   60258.225481] /dev/input/event3: 0000 0000 00000000
[   60258.235255] /dev/input/event3: 0003 0039 00000000
[   60258.235273] /dev/input/event3: 0003 0030 00000040
[   60258.235276] /dev/input/event3: 0003 003a 00000040
[   60258.235279] /dev/input/event3: 0003 0035 000001dc
[   60258.235281] /dev/input/event3: 0003 0036 000001b3
[   60258.235284] /dev/input/event3: 0000 0002 00000000
[   60258.235286] /dev/input/event3: 0000 0000 00000000
[   60258.245352] /dev/input/event3: 0003 0039 00000000
[   60258.245395] /dev/input/event3: 0003 0030 00000040
[   60258.245397] /dev/input/event3: 0003 003a 00000040
[   60258.245400] /dev/input/event3: 0003 0035 000001d6
[   60258.245403] /dev/input/event3: 0003 0036 000001b3
[   60258.245405] /dev/input/event3: 0000 0002 00000000
[   60258.245409] /dev/input/event3: 0000 0000 00000000
[   60258.255335] /dev/input/event3: 0003 0039 00000000
[   60258.255371] /dev/input/event3: 0003 0030 00000040
[   60258.255375] /dev/input/event3: 0003 003a 00000040
[   60258.255378] /dev/input/event3: 0003 0035 000001cc
[   60258.255382] /dev/input/event3: 0003 0036 000001b3
[   60258.255385] /dev/input/event3: 0000 0002 00000000
[   60258.255388] /dev/input/event3: 0000 0000 00000000
[   60258.265404] /dev/input/event3: 0003 0039 00000000
[   60258.265456] /dev/input/event3: 0003 0030 00000040
[   60258.265459] /dev/input/event3: 0003 003a 00000040
[   60258.265463] /dev/input/event3: 0003 0035 000001c0
[   60258.265465] /dev/input/event3: 0003 0036 000001b3
[   60258.265468] /dev/input/event3: 0000 0002 00000000
[   60258.265471] /dev/input/event3: 0000 0000 00000000
[   60258.275359] /dev/input/event3: 0003 0039 00000000
[   60258.275395] /dev/input/event3: 0003 0030 00000020
[   60258.275397] /dev/input/event3: 0003 003a 00000020
[   60258.275400] /dev/input/event3: 0003 0035 000001b6
[   60258.275403] /dev/input/event3: 0003 0036 000001b2
[   60258.275406] /dev/input/event3: 0000 0002 00000000
[   60258.275408] /dev/input/event3: 0000 0000 00000000
[   60258.285474] /dev/input/event3: 0003 0039 00000000
[   60258.285518] /dev/input/event3: 0003 0030 00000020
[   60258.285522] /dev/input/event3: 0003 003a 00000020
[   60258.285525] /dev/input/event3: 0003 0035 000001af
[   60258.285528] /dev/input/event3: 0003 0036 000001b2
[   60258.285530] /dev/input/event3: 0000 0002 00000000
[   60258.285534] /dev/input/event3: 0000 0000 00000000
[   60258.295388] /dev/input/event3: 0003 0039 00000000
[   60258.295440] /dev/input/event3: 0003 0030 00000040
[   60258.295444] /dev/input/event3: 0003 003a 00000040
[   60258.295447] /dev/input/event3: 0003 0035 000001aa
[   60258.295449] /dev/input/event3: 0003 0036 000001b2
[   60258.295453] /dev/input/event3: 0000 0002 00000000
[   60258.295457] /dev/input/event3: 0000 0000 00000000
[   60258.305335] /dev/input/event3: 0003 0039 00000000
[   60258.305391] /dev/input/event3: 0003 0030 00000040
[   60258.305398] /dev/input/event3: 0003 003a 00000040
[   60258.305401] /dev/input/event3: 0003 0035 000001a4
[   60258.305404] /dev/input/event3: 0003 0036 000001b1
[   60258.305406] /dev/input/event3: 0000 0002 00000000
[   60258.305409] /dev/input/event3: 0000 0000 00000000
[   60258.315352] /dev/input/event3: 0003 0039 00000000
[   60258.315393] /dev/input/event3: 0003 0030 00000040
[   60258.315398] /dev/input/event3: 0003 003a 00000040
[   60258.315400] /dev/input/event3: 0003 0035 0000019b
[   60258.315403] /dev/input/event3: 0003 0036 000001b2
[   60258.315405] /dev/input/event3: 0000 0002 00000000
[   60258.315408] /dev/input/event3: 0000 0000 00000000
[   60258.325377] /dev/input/event3: 0003 0039 00000000
[   60258.325715] /dev/input/event3: 0003 0030 00000040
[   60258.325732] /dev/input/event3: 0003 003a 00000040
[   60258.325739] /dev/input/event3: 0003 0035 00000191
[   60258.325742] /dev/input/event3: 0003 0036 000001b2
[   60258.325745] /dev/input/event3: 0000 0002 00000000
[   60258.325747] /dev/input/event3: 0000 0000 00000000
[   60258.335358] /dev/input/event3: 0003 0039 00000000
[   60258.335400] /dev/input/event3: 0003 0030 00000040
[   60258.335405] /dev/input/event3: 0003 003a 00000040
[   60258.335408] /dev/input/event3: 0003 0035 00000189
[   60258.335411] /dev/input/event3: 0003 0036 000001b2
[   60258.335413] /dev/input/event3: 0000 0002 00000000
[   60258.335416] /dev/input/event3: 0000 0000 00000000
[   60258.345262] /dev/input/event3: 0003 0039 00000000
[   60258.345287] /dev/input/event3: 0003 0030 00000020
[   60258.345293] /dev/input/event3: 0003 003a 00000020
[   60258.345296] /dev/input/event3: 0003 0035 00000181
[   60258.345298] /dev/input/event3: 0003 0036 000001b1
[   60258.345301] /dev/input/event3: 0000 0002 00000000
[   60258.345303] /dev/input/event3: 0000 0000 00000000
[   60258.355289] /dev/input/event3: 0003 0039 00000000
[   60258.355320] /dev/input/event3: 0003 0030 00000020
[   60258.355324] /dev/input/event3: 0003 003a 00000020
[   60258.355327] /dev/input/event3: 0003 0035 0000017a
[   60258.355331] /dev/input/event3: 0003 0036 000001b2
[   60258.355660] /dev/input/event3: 0000 0002 00000000
[   60258.355686] /dev/input/event3: 0000 0000 00000000
[   60258.365449] /dev/input/event3: 0003 0039 00000000
[   60258.365498] /dev/input/event3: 0003 0030 00000040
[   60258.365501] /dev/input/event3: 0003 003a 00000040
[   60258.365504] /dev/input/event3: 0003 0035 00000174
[   60258.365507] /dev/input/event3: 0003 0036 000001b1
[   60258.365509] /dev/input/event3: 0000 0002 00000000
[   60258.365513] /dev/input/event3: 0000 0000 00000000
[   60258.375397] /dev/input/event3: 0003 0039 00000000
[   60258.375443] /dev/input/event3: 0003 0030 00000040
[   60258.375447] /dev/input/event3: 0003 003a 00000040
[   60258.375450] /dev/input/event3: 0003 0035 0000016e
[   60258.375452] /dev/input/event3: 0003 0036 000001b2
[   60258.375455] /dev/input/event3: 0000 0002 00000000
[   60258.375458] /dev/input/event3: 0000 0000 00000000
[   60258.385931] /dev/input/event3: 0003 0039 00000000
[   60258.385978] /dev/input/event3: 0003 0030 00000040
[   60258.385981] /dev/input/event3: 0003 003a 00000040
[   60258.385984] /dev/input/event3: 0003 0035 00000165
[   60258.385986] /dev/input/event3: 0003 0036 000001b2
[   60258.385989] /dev/input/event3: 0000 0002 00000000
[   60258.385993] /dev/input/event3: 0000 0000 00000000
[   60258.396060] /dev/input/event3: 0003 0039 00000000
[   60258.396140] /dev/input/event3: 0003 0030 00000040
[   60258.396149] /dev/input/event3: 0003 003a 00000040
[   60258.396152] /dev/input/event3: 0003 0035 00000159
[   60258.396155] /dev/input/event3: 0003 0036 000001b2
[   60258.396157] /dev/input/event3: 0000 0002 00000000
[   60258.396160] /dev/input/event3: 0000 0000 00000000
[   60258.405893] /dev/input/event3: 0003 0039 00000000
[   60258.405939] /dev/input/event3: 0003 0030 00000040
[   60258.405943] /dev/input/event3: 0003 003a 00000040
[   60258.405946] /dev/input/event3: 0003 0035 00000151
[   60258.405948] /dev/input/event3: 0003 0036 000001b2
[   60258.405951] /dev/input/event3: 0000 0002 00000000
[   60258.405954] /dev/input/event3: 0000 0000 00000000
[   60258.415925] /dev/input/event3: 0003 0039 00000000
[   60258.415978] /dev/input/event3: 0003 0030 00000020
[   60258.415981] /dev/input/event3: 0003 003a 00000020
[   60258.415985] /dev/input/event3: 0003 0035 0000014a
[   60258.415988] /dev/input/event3: 0003 0036 000001b3
[   60258.415990] /dev/input/event3: 0000 0002 00000000
[   60258.415993] /dev/input/event3: 0000 0000 00000000
[   60258.425787] /dev/input/event3: 0003 0039 00000000
[   60258.425806] /dev/input/event3: 0003 0030 00000040
[   60258.425809] /dev/input/event3: 0003 003a 00000040
[   60258.425812] /dev/input/event3: 0003 0035 00000145
[   60258.425815] /dev/input/event3: 0003 0036 000001b3
[   60258.425817] /dev/input/event3: 0000 0002 00000000
[   60258.425819] /dev/input/event3: 0000 0000 00000000
[   60258.435808] /dev/input/event3: 0003 0039 00000000
[   60258.435827] /dev/input/event3: 0003 0030 00000040
[   60258.435830] /dev/input/event3: 0003 003a 00000040
[   60258.435833] /dev/input/event3: 0003 0035 00000140
[   60258.435835] /dev/input/event3: 0003 0036 000001b3
[   60258.435838] /dev/input/event3: 0000 0002 00000000
[   60258.435841] /dev/input/event3: 0000 0000 00000000
[   60258.445923] /dev/input/event3: 0003 0039 00000000
[   60258.445967] /dev/input/event3: 0003 0030 00000040
[   60258.445973] /dev/input/event3: 0003 003a 00000040
[   60258.445975] /dev/input/event3: 0003 0035 0000013b
[   60258.445978] /dev/input/event3: 0003 0036 000001b3
[   60258.445980] /dev/input/event3: 0000 0002 00000000
[   60258.445985] /dev/input/event3: 0000 0000 00000000
[   60258.455941] /dev/input/event3: 0003 0039 00000000
[   60258.455998] /dev/input/event3: 0003 0030 00000040
[   60258.456004] /dev/input/event3: 0003 003a 00000040
[   60258.456008] /dev/input/event3: 0003 0035 00000133
[   60258.456010] /dev/input/event3: 0003 0036 000001b3
[   60258.456013] /dev/input/event3: 0000 0002 00000000
[   60258.456015] /dev/input/event3: 0000 0000 00000000
[   60258.465951] /dev/input/event3: 0003 0039 00000000
[   60258.466008] /dev/input/event3: 0003 0030 00000040
[   60258.466013] /dev/input/event3: 0003 003a 00000040
[   60258.466016] /dev/input/event3: 0003 0035 00000129
[   60258.466018] /dev/input/event3: 0003 0036 000001b4
[   60258.466021] /dev/input/event3: 0000 0002 00000000
[   60258.466024] /dev/input/event3: 0000 0000 00000000
[   60258.475902] /dev/input/event3: 0003 0039 00000000
[   60258.475949] /dev/input/event3: 0003 0030 00000040
[   60258.475954] /dev/input/event3: 0003 003a 00000040
[   60258.475958] /dev/input/event3: 0003 0035 00000121
[   60258.475960] /dev/input/event3: 0003 0036 000001b4
[   60258.475963] /dev/input/event3: 0000 0002 00000000
[   60258.475966] /dev/input/event3: 0000 0000 00000000
[   60258.486059] /dev/input/event3: 0003 0039 00000000
[   60258.486101] /dev/input/event3: 0003 0030 00000040
[   60258.486106] /dev/input/event3: 0003 003a 00000040
[   60258.486108] /dev/input/event3: 0003 0035 0000011a
[   60258.486111] /dev/input/event3: 0003 0036 000001b4
[   60258.486113] /dev/input/event3: 0000 0002 00000000
[   60258.486117] /dev/input/event3: 0000 0000 00000000
[   60258.495967] /dev/input/event3: 0003 0039 00000000
[   60258.496025] /dev/input/event3: 0003 0030 00000020
[   60258.496033] /dev/input/event3: 0003 003a 00000020
[   60258.496035] /dev/input/event3: 0003 0035 00000114
[   60258.496039] /dev/input/event3: 0003 0036 000001b4
[   60258.496042] /dev/input/event3: 0000 0002 00000000
[   60258.496045] /dev/input/event3: 0000 0000 00000000
[   60258.506022] /dev/input/event3: 0003 0039 00000000
[   60258.506226] /dev/input/event3: 0003 0030 00000040
[   60258.506232] /dev/input/event3: 0003 003a 00000040
[   60258.506236] /dev/input/event3: 0003 0035 0000010f
[   60258.506240] /dev/input/event3: 0003 0036 000001b4
[   60258.506242] /dev/input/event3: 0000 0002 00000000
[   60258.506247] /dev/input/event3: 0000 0000 00000000
[   60258.515937] /dev/input/event3: 0003 0039 00000000
[   60258.515990] /dev/input/event3: 0003 0030 00000040
[   60258.515996] /dev/input/event3: 0003 003a 00000040
[   60258.515999] /dev/input/event3: 0003 0035 0000010a
[   60258.516002] /dev/input/event3: 0003 0036 000001b4
[   60258.516004] /dev/input/event3: 0000 0002 00000000
[   60258.516007] /dev/input/event3: 0000 0000 00000000
[   60258.525931] /dev/input/event3: 0003 0039 00000000
[   60258.525985] /dev/input/event3: 0003 0030 00000040
[   60258.525990] /dev/input/event3: 0003 003a 00000040
[   60258.525993] /dev/input/event3: 0003 0035 00000103
[   60258.525995] /dev/input/event3: 0003 0036 000001b4
[   60258.525998] /dev/input/event3: 0000 0002 00000000
[   60258.526002] /dev/input/event3: 0000 0000 00000000
[   60258.535926] /dev/input/event3: 0003 0039 00000000
[   60258.535977] /dev/input/event3: 0003 0030 00000040
[   60258.535983] /dev/input/event3: 0003 003a 00000040
[   60258.535986] /dev/input/event3: 0003 0035 000000f9
[   60258.535989] /dev/input/event3: 0003 0036 000001b4
[   60258.535992] /dev/input/event3: 0000 0002 00000000
[   60258.535995] /dev/input/event3: 0000 0000 00000000
[   60258.545958] /dev/input/event3: 0003 0039 00000000
[   60258.546000] /dev/input/event3: 0003 0030 00000060
[   60258.546002] /dev/input/event3: 0003 003a 00000060
[   60258.546006] /dev/input/event3: 0003 0035 000000ed
[   60258.546012] /dev/input/event3: 0003 0036 000001b5
[   60258.546014] /dev/input/event3: 0000 0002 00000000
[   60258.546017] /dev/input/event3: 0000 0000 00000000
[   60258.555978] /dev/input/event3: 0003 0039 00000000
[   60258.556031] /dev/input/event3: 0003 0030 00000040
[   60258.556039] /dev/input/event3: 0003 003a 00000040
[   60258.556041] /dev/input/event3: 0003 0035 000000e6
[   60258.556044] /dev/input/event3: 0003 0036 000001b5
[   60258.556047] /dev/input/event3: 0000 0002 00000000
[   60258.556049] /dev/input/event3: 0000 0000 00000000
[   60258.565893] /dev/input/event3: 0003 0039 00000000
[   60258.565920] /dev/input/event3: 0003 0030 00000040
[   60258.565923] /dev/input/event3: 0003 003a 00000040
[   60258.565926] /dev/input/event3: 0003 0035 000000e1
[   60258.565928] /dev/input/event3: 0003 0036 000001b6
[   60258.565931] /dev/input/event3: 0000 0002 00000000
[   60258.565933] /dev/input/event3: 0000 0000 00000000
[   60258.576076] /dev/input/event3: 0003 0039 00000000
[   60258.576127] /dev/input/event3: 0003 0030 00000060
[   60258.576142] /dev/input/event3: 0003 003a 00000060
[   60258.576145] /dev/input/event3: 0003 0035 000000dd
[   60258.576149] /dev/input/event3: 0003 0036 000001b6
[   60258.576154] /dev/input/event3: 0000 0002 00000000
[   60258.576158] /dev/input/event3: 0000 0000 00000000
[   60258.586591] /dev/input/event3: 0003 0039 00000000
[   60258.586628] /dev/input/event3: 0003 0030 00000040
[   60258.586633] /dev/input/event3: 0003 003a 00000040
[   60258.586636] /dev/input/event3: 0003 0035 000000d8
[   60258.586638] /dev/input/event3: 0003 0036 000001b5
[   60258.586641] /dev/input/event3: 0000 0002 00000000
[   60258.586644] /dev/input/event3: 0000 0000 00000000
[   60258.596574] /dev/input/event3: 0003 0039 00000000
[   60258.596616] /dev/input/event3: 0003 0030 00000040
[   60258.596620] /dev/input/event3: 0003 003a 00000040
[   60258.596623] /dev/input/event3: 0003 0035 000000d2
[   60258.596626] /dev/input/event3: 0003 0036 000001b5
[   60258.596628] /dev/input/event3: 0000 0002 00000000
[   60258.596632] /dev/input/event3: 0000 0000 00000000
[   60258.606683] /dev/input/event3: 0003 0039 00000000
[   60258.606735] /dev/input/event3: 0003 0030 00000040
[   60258.606747] /dev/input/event3: 0003 003a 00000040
[   60258.606752] /dev/input/event3: 0003 0035 000000ca
[   60258.606755] /dev/input/event3: 0003 0036 000001b6
[   60258.606758] /dev/input/event3: 0000 0002 00000000
[   60258.606760] /dev/input/event3: 0000 0000 00000000
[   60258.616699] /dev/input/event3: 0003 0039 00000000
[   60258.616759] /dev/input/event3: 0003 0030 00000060
[   60258.616764] /dev/input/event3: 0003 003a 00000060
[   60258.616767] /dev/input/event3: 0003 0035 000000c0
[   60258.616770] /dev/input/event3: 0003 0036 000001b6
[   60258.616773] /dev/input/event3: 0000 0002 00000000
[   60258.616776] /dev/input/event3: 0000 0000 00000000
[   60258.626728] /dev/input/event3: 0003 0039 00000000
[   60258.626763] /dev/input/event3: 0003 0030 00000040
[   60258.626766] /dev/input/event3: 0003 003a 00000040
[   60258.626769] /dev/input/event3: 0003 0035 000000b7
[   60258.626772] /dev/input/event3: 0003 0036 000001b6
[   60258.626775] /dev/input/event3: 0000 0002 00000000
[   60258.626777] /dev/input/event3: 0000 0000 00000000
[   60258.636722] /dev/input/event3: 0003 0039 00000000
[   60258.636773] /dev/input/event3: 0003 0030 00000040
[   60258.636776] /dev/input/event3: 0003 003a 00000040
[   60258.636778] /dev/input/event3: 0003 0035 000000b0
[   60258.636781] /dev/input/event3: 0003 0036 000001b5
[   60258.636783] /dev/input/event3: 0000 0002 00000000
[   60258.636786] /dev/input/event3: 0000 0000 00000000
[   60258.646574] /dev/input/event3: 0003 0039 00000000
[   60258.646612] /dev/input/event3: 0003 0030 00000040
[   60258.646622] /dev/input/event3: 0003 003a 00000040
[   60258.646625] /dev/input/event3: 0003 0035 000000aa
[   60258.646628] /dev/input/event3: 0003 0036 000001b5
[   60258.646631] /dev/input/event3: 0000 0002 00000000
[   60258.646634] /dev/input/event3: 0000 0000 00000000
[   60258.656588] /dev/input/event3: 0003 0039 00000000
[   60258.656629] /dev/input/event3: 0003 0030 00000040
[   60258.656631] /dev/input/event3: 0003 003a 00000040
[   60258.656634] /dev/input/event3: 0003 0035 000000a4
[   60258.656637] /dev/input/event3: 0003 0036 000001b5
[   60258.656640] /dev/input/event3: 0000 0002 00000000
[   60258.656642] /dev/input/event3: 0000 0000 00000000
[   60258.666610] /dev/input/event3: 0003 0039 00000000
[   60258.666637] /dev/input/event3: 0003 0030 00000040
[   60258.666640] /dev/input/event3: 0003 003a 00000040
[   60258.666642] /dev/input/event3: 0003 0035 0000009a
[   60258.666645] /dev/input/event3: 0003 0036 000001b6
[   60258.666649] /dev/input/event3: 0000 0002 00000000
[   60258.666652] /dev/input/event3: 0000 0000 00000000
[   60258.676840] /dev/input/event3: 0003 0039 00000000
[   60258.676919] /dev/input/event3: 0003 0030 00000060
[   60258.676923] /dev/input/event3: 0003 003a 00000060
[   60258.676926] /dev/input/event3: 0003 0035 0000008d
[   60258.676928] /dev/input/event3: 0003 0036 000001b6
[   60258.676931] /dev/input/event3: 0000 0002 00000000
[   60258.676934] /dev/input/event3: 0000 0000 00000000
[   60258.687078] /dev/input/event3: 0003 0039 00000000
[   60258.687115] /dev/input/event3: 0003 0030 00000060
[   60258.687118] /dev/input/event3: 0003 003a 00000060
[   60258.687121] /dev/input/event3: 0003 0035 00000082
[   60258.687124] /dev/input/event3: 0003 0036 000001b7
[   60258.687126] /dev/input/event3: 0000 0002 00000000
[   60258.687129] /dev/input/event3: 0000 0000 00000000
[   60258.696620] /dev/input/event3: 0003 0039 00000000
[   60258.696641] /dev/input/event3: 0003 0030 00000040
[   60258.696644] /dev/input/event3: 0003 003a 00000040
[   60258.696646] /dev/input/event3: 0003 0035 0000007c
[   60258.696649] /dev/input/event3: 0003 0036 000001b7
[   60258.696652] /dev/input/event3: 0000 0002 00000000
[   60258.696654] /dev/input/event3: 0000 0000 00000000
[   60258.707322] /dev/input/event3: 0003 0039 00000000
[   60258.707396] /dev/input/event3: 0003 0030 00000040
[   60258.707401] /dev/input/event3: 0003 003a 00000040
[   60258.707405] /dev/input/event3: 0003 0035 00000076
[   60258.707409] /dev/input/event3: 0003 0036 000001b7
[   60258.707411] /dev/input/event3: 0000 0002 00000000
[   60258.707415] /dev/input/event3: 0000 0000 00000000
[   60258.716718] /dev/input/event3: 0003 0039 00000000
[   60258.716756] /dev/input/event3: 0003 0030 00000060
[   60258.716759] /dev/input/event3: 0003 003a 00000060
[   60258.716762] /dev/input/event3: 0003 0035 00000072
[   60258.716764] /dev/input/event3: 0003 0036 000001b8
[   60258.716768] /dev/input/event3: 0000 0002 00000000
[   60258.716771] /dev/input/event3: 0000 0000 00000000
[   60258.726787] /dev/input/event3: 0003 0039 00000000
[   60258.726833] /dev/input/event3: 0003 0030 00000040
[   60258.726837] /dev/input/event3: 0003 003a 00000040
[   60258.726840] /dev/input/event3: 0003 0035 0000006b
[   60258.726843] /dev/input/event3: 0003 0036 000001b8
[   60258.726845] /dev/input/event3: 0000 0002 00000000
[   60258.726849] /dev/input/event3: 0000 0000 00000000
[   60258.736957] /dev/input/event3: 0003 0039 00000000
[   60258.737007] /dev/input/event3: 0003 0030 00000060
[   60258.737010] /dev/input/event3: 0003 003a 00000060
[   60258.737013] /dev/input/event3: 0003 0035 00000061
[   60258.737016] /dev/input/event3: 0003 0036 000001b9
[   60258.737018] /dev/input/event3: 0000 0002 00000000
[   60258.737021] /dev/input/event3: 0000 0000 00000000
[   60258.746727] /dev/input/event3: 0003 0039 00000000
[   60258.746748] /dev/input/event3: 0003 0030 00000060
[   60258.746750] /dev/input/event3: 0003 003a 00000060
[   60258.746753] /dev/input/event3: 0003 0035 00000053
[   60258.746756] /dev/input/event3: 0003 0036 000001ba
[   60258.746759] /dev/input/event3: 0000 0002 00000000
[   60258.746761] /dev/input/event3: 0000 0000 00000000
[   60258.757061] /dev/input/event3: 0003 0039 00000000
[   60258.757296] /dev/input/event3: 0003 0030 00000040
[   60258.757300] /dev/input/event3: 0003 003a 00000040
[   60258.757303] /dev/input/event3: 0003 0035 00000049
[   60258.757305] /dev/input/event3: 0003 0036 000001bb
[   60258.757308] /dev/input/event3: 0000 0002 00000000
[   60258.757310] /dev/input/event3: 0000 0000 00000000
[   60258.777372] /dev/input/event3: 0003 0039 00000000
[   60258.777429] /dev/input/event3: 0003 0030 00000060
[   60258.777432] /dev/input/event3: 0003 003a 00000060
[   60258.777435] /dev/input/event3: 0003 0035 00000040
[   60258.777438] /dev/input/event3: 0003 0036 000001bd
[   60258.777440] /dev/input/event3: 0000 0002 00000000
[   60258.777443] /dev/input/event3: 0000 0000 00000000
[   60258.787842] /dev/input/event3: 0003 0039 00000000
[   60258.787864] /dev/input/event3: 0003 0030 00000080
[   60258.787867] /dev/input/event3: 0003 003a 00000080
[   60258.787870] /dev/input/event3: 0003 0035 00000033
[   60258.787872] /dev/input/event3: 0003 0036 000001be
[   60258.787875] /dev/input/event3: 0000 0002 00000000
[   60258.787878] /dev/input/event3: 0000 0000 00000000
[   60258.797891] /dev/input/event3: 0003 0039 00000000
[   60258.797911] /dev/input/event3: 0003 0030 00000060
[   60258.797914] /dev/input/event3: 0003 003a 00000060
[   60258.797917] /dev/input/event3: 0003 0035 00000026
[   60258.797919] /dev/input/event3: 0003 0036 000001c0
[   60258.797922] /dev/input/event3: 0000 0002 00000000
[   60258.797925] /dev/input/event3: 0000 0000 00000000
[   60258.808020] /dev/input/event3: 0003 0039 00000000
[   60258.808058] /dev/input/event3: 0003 0030 00000060
[   60258.808062] /dev/input/event3: 0003 003a 00000060
[   60258.808064] /dev/input/event3: 0003 0035 0000001a
[   60258.808067] /dev/input/event3: 0003 0036 000001c1
[   60258.808070] /dev/input/event3: 0000 0002 00000000
[   60258.808073] /dev/input/event3: 0000 0000 00000000
[   60258.828447] /dev/input/event3: 0003 0039 00000000
[   60258.828489] /dev/input/event3: 0003 0030 00000040
[   60258.828493] /dev/input/event3: 0003 003a 00000040
[   60258.828496] /dev/input/event3: 0003 0035 00000015
[   60258.828498] /dev/input/event3: 0003 0036 000001c2
[   60258.828501] /dev/input/event3: 0000 0002 00000000
[   60258.828504] /dev/input/event3: 0000 0000 00000000
[   60258.839063] /dev/input/event3: 0003 0039 00000000
[   60258.839087] /dev/input/event3: 0003 0030 00000040
[   60258.839090] /dev/input/event3: 0003 003a 00000040
[   60258.839093] /dev/input/event3: 0003 0035 00000011
[   60258.839096] /dev/input/event3: 0003 0036 000001c2
[   60258.839098] /dev/input/event3: 0000 0002 00000000
[   60258.839101] /dev/input/event3: 0003 0039 00000001
[   60258.839104] /dev/input/event3: 0003 0030 00000020
[   60258.839105] /dev/input/event3: 0003 003a 00000020
[   60258.839108] /dev/input/event3: 0003 0035 00000198
[   60258.839110] /dev/input/event3: 0003 0036 000000ce
[   60258.839112] /dev/input/event3: 0000 0002 00000000
[   60258.839114] /dev/input/event3: 0000 0000 00000000
[   60258.849265] /dev/input/event3: 0003 0039 00000000
[   60258.849290] /dev/input/event3: 0003 0030 00000020
[   60258.849292] /dev/input/event3: 0003 003a 00000020
[   60258.849295] /dev/input/event3: 0003 0035 0000000f
[   60258.849298] /dev/input/event3: 0003 0036 000001c1
[   60258.849300] /dev/input/event3: 0000 0002 00000000
[   60258.849303] /dev/input/event3: 0003 0039 00000001
[   60258.849306] /dev/input/event3: 0003 0030 00000020
[   60258.849307] /dev/input/event3: 0003 003a 00000020
[   60258.849310] /dev/input/event3: 0003 0035 00000198
[   60258.849312] /dev/input/event3: 0003 0036 000000ce
[   60258.849314] /dev/input/event3: 0000 0002 00000000
[   60258.849316] /dev/input/event3: 0000 0000 00000000
[   60258.868642] /dev/input/event3: 0003 0039 00000000
[   60258.868685] /dev/input/event3: 0003 0030 00000020
[   60258.868689] /dev/input/event3: 0003 003a 00000020
[   60258.868692] /dev/input/event3: 0003 0035 0000000f
[   60258.868694] /dev/input/event3: 0003 0036 000001c1
[   60258.868697] /dev/input/event3: 0000 0002 00000000
[   60258.868699] /dev/input/event3: 0000 0000 00000000
[   60258.878249] /dev/input/event3: 0000 0002 00000000
[   60258.878292] /dev/input/event3: 0000 0000 00000000
