[   35174.898311] /dev/input/event3: 0003 0039 00000000
[   35174.898430] /dev/input/event3: 0003 0030 00000080
[   35174.898457] /dev/input/event3: 0003 003a 00000080
[   35174.898487] /dev/input/event3: 0003 0035 0000023d
[   35174.898517] /dev/input/event3: 0003 0036 000001f3
[   35174.898546] /dev/input/event3: 0000 0002 00000000
[   35174.898569] /dev/input/event3: 0000 0000 00000000
[   35174.966555] /dev/input/event3: 0000 0002 00000000
[   35174.966591] /dev/input/event3: 0000 0000 00000000
[   35176.633974] /dev/input/event3: 0003 0039 00000000
[   35176.633997] /dev/input/event3: 0003 0030 00000040
[   35176.634000] /dev/input/event3: 0003 003a 00000040
[   35176.634005] /dev/input/event3: 0003 0035 00000035
[   35176.634008] /dev/input/event3: 0003 0036 000003dd
[   35176.634012] /dev/input/event3: 0000 0002 00000000
[   35176.634015] /dev/input/event3: 0000 0000 00000000
[   35176.693071] /dev/input/event3: 0000 0002 00000000
[   35176.693132] /dev/input/event3: 0000 0000 00000000
