[   12708.699986] /dev/input/event3: 0003 0039 00000000
[   12708.700242] /dev/input/event3: 0003 0030 00000040
[   12708.700274] /dev/input/event3: 0003 003a 00000040
[   12708.700306] /dev/input/event3: 0003 0035 00000104
[   12708.700336] /dev/input/event3: 0003 0036 000003d9
[   12708.700364] /dev/input/event3: 0000 0002 00000000
[   12708.700389] /dev/input/event3: 0000 0000 00000000
[   12708.748721] /dev/input/event3: 0000 0002 00000000
[   12708.748784] /dev/input/event3: 0000 0000 00000000
[   12710.848877] /dev/input/event3: 0003 0039 00000000
[   12710.848992] /dev/input/event3: 0003 0030 00000040
[   12710.849019] /dev/input/event3: 0003 003a 00000040
[   12710.849051] /dev/input/event3: 0003 0035 00000135
[   12710.849079] /dev/input/event3: 0003 0036 0000009d
[   12710.849108] /dev/input/event3: 0000 0002 00000000
[   12710.849131] /dev/input/event3: 0000 0000 00000000
[   12710.927848] /dev/input/event3: 0000 0002 00000000
[   12710.927944] /dev/input/event3: 0000 0000 00000000
[   12714.565116] /dev/input/event3: 0003 0039 00000000
[   12714.565141] /dev/input/event3: 0003 0030 00000040
[   12714.565144] /dev/input/event3: 0003 003a 00000040
[   12714.565147] /dev/input/event3: 0003 0035 00000030
[   12714.565150] /dev/input/event3: 0003 0036 000003d2
[   12714.565153] /dev/input/event3: 0000 0002 00000000
[   12714.565156] /dev/input/event3: 0000 0000 00000000
[   12714.634145] /dev/input/event3: 0000 0002 00000000
[   12714.634165] /dev/input/event3: 0000 0000 00000000
[   12716.273112] /dev/input/event3: 0003 0039 00000000
[   12716.273148] /dev/input/event3: 0003 0030 00000040
[   12716.273155] /dev/input/event3: 0003 003a 00000040
[   12716.273162] /dev/input/event3: 0003 0035 00000033
[   12716.273168] /dev/input/event3: 0003 0036 000003df
[   12716.273175] /dev/input/event3: 0000 0002 00000000
[   12716.273180] /dev/input/event3: 0000 0000 00000000
[   12716.352602] /dev/input/event3: 0000 0002 00000000
[   12716.352649] /dev/input/event3: 0000 0000 00000000
[   12717.831836] /dev/input/event3: 0003 0039 00000000
[   12717.831876] /dev/input/event3: 0003 0030 00000040
[   12717.831883] /dev/input/event3: 0003 003a 00000040
[   12717.831889] /dev/input/event3: 0003 0035 00000104
[   12717.831896] /dev/input/event3: 0003 0036 000003e0
[   12717.831903] /dev/input/event3: 0000 0002 00000000
[   12717.831908] /dev/input/event3: 0000 0000 00000000
[   12717.910795] /dev/input/event3: 0000 0002 00000000
[   12717.910828] /dev/input/event3: 0000 0000 00000000
[   12720.045736] /dev/input/event3: 0003 0039 00000000
[   12720.045772] /dev/input/event3: 0003 0030 00000060
[   12720.045778] /dev/input/event3: 0003 003a 00000060
[   12720.045785] /dev/input/event3: 0003 0035 00000115
[   12720.045792] /dev/input/event3: 0003 0036 0000036d
[   12720.045799] /dev/input/event3: 0000 0002 00000000
[   12720.045804] /dev/input/event3: 0000 0000 00000000
[   12720.114780] /dev/input/event3: 0000 0002 00000000
[   12720.114808] /dev/input/event3: 0000 0000 00000000
[   12721.688919] /dev/input/event3: 0003 0039 00000000
[   12721.688942] /dev/input/event3: 0003 0030 00000040
[   12721.688945] /dev/input/event3: 0003 003a 00000040
[   12721.688948] /dev/input/event3: 0003 0035 00000031
[   12721.688950] /dev/input/event3: 0003 0036 000003de
[   12721.688953] /dev/input/event3: 0000 0002 00000000
[   12721.688956] /dev/input/event3: 0000 0000 00000000
[   12721.757870] /dev/input/event3: 0000 0002 00000000
[   12721.757888] /dev/input/event3: 0000 0000 00000000
[   12723.002105] /dev/input/event3: 0003 0039 00000000
[   12723.002140] /dev/input/event3: 0003 0030 00000060
[   12723.002146] /dev/input/event3: 0003 003a 00000060
[   12723.002153] /dev/input/event3: 0003 0035 00000031
[   12723.002160] /dev/input/event3: 0003 0036 000003da
[   12723.002166] /dev/input/event3: 0000 0002 00000000
[   12723.002171] /dev/input/event3: 0000 0000 00000000
[   12723.071150] /dev/input/event3: 0000 0002 00000000
[   12723.071204] /dev/input/event3: 0000 0000 00000000
[   12724.372805] /dev/input/event3: 0003 0039 00000000
[   12724.372848] /dev/input/event3: 0003 0030 00000040
[   12724.372855] /dev/input/event3: 0003 003a 00000040
[   12724.372862] /dev/input/event3: 0003 0035 00000100
[   12724.372868] /dev/input/event3: 0003 0036 000003e2
[   12724.372874] /dev/input/event3: 0000 0002 00000000
[   12724.372880] /dev/input/event3: 0000 0000 00000000
[   12724.460434] /dev/input/event3: 0000 0002 00000000
[   12724.460457] /dev/input/event3: 0000 0000 00000000
[   12725.676338] /dev/input/event3: 0003 0039 00000000
[   12725.676365] /dev/input/event3: 0003 0030 00000060
[   12725.676368] /dev/input/event3: 0003 003a 00000060
[   12725.676372] /dev/input/event3: 0003 0035 00000111
[   12725.676376] /dev/input/event3: 0003 0036 0000036a
[   12725.676380] /dev/input/event3: 0000 0002 00000000
[   12725.676383] /dev/input/event3: 0000 0000 00000000
[   12725.745361] /dev/input/event3: 0000 0002 00000000
[   12725.745394] /dev/input/event3: 0000 0000 00000000
[   12728.618561] /dev/input/event3: 0003 0039 00000000
[   12728.618602] /dev/input/event3: 0003 0030 00000040
[   12728.618611] /dev/input/event3: 0003 003a 00000040
[   12728.618618] /dev/input/event3: 0003 0035 000000eb
[   12728.618624] /dev/input/event3: 0003 0036 000002b8
[   12728.618630] /dev/input/event3: 0000 0002 00000000
[   12728.618635] /dev/input/event3: 0000 0000 00000000
[   12728.687977] /dev/input/event3: 0000 0002 00000000
[   12728.688002] /dev/input/event3: 0000 0000 00000000
[   12729.973482] /dev/input/event3: 0003 0039 00000000
[   12729.973516] /dev/input/event3: 0003 0030 00000060
[   12729.973522] /dev/input/event3: 0003 003a 00000060
[   12729.973529] /dev/input/event3: 0003 0035 00000316
[   12729.973535] /dev/input/event3: 0003 0036 00000305
[   12729.973542] /dev/input/event3: 0000 0002 00000000
[   12729.973548] /dev/input/event3: 0000 0000 00000000
[   12730.050515] /dev/input/event3: 0000 0002 00000000
[   12730.050538] /dev/input/event3: 0000 0000 00000000
[   12730.454978] /dev/input/event3: 0003 0039 00000000
[   12730.455011] /dev/input/event3: 0003 0030 00000060
[   12730.455018] /dev/input/event3: 0003 003a 00000060
[   12730.455024] /dev/input/event3: 0003 0035 0000020d
[   12730.455031] /dev/input/event3: 0003 0036 0000031c
[   12730.455037] /dev/input/event3: 0000 0002 00000000
[   12730.455043] /dev/input/event3: 0000 0000 00000000
[   12730.515183] /dev/input/event3: 0000 0002 00000000
[   12730.515205] /dev/input/event3: 0000 0000 00000000
[   12735.558148] /dev/input/event3: 0003 0039 00000000
[   12735.558267] /dev/input/event3: 0003 0030 00000040
[   12735.558294] /dev/input/event3: 0003 003a 00000040
[   12735.558324] /dev/input/event3: 0003 0035 000005da
[   12735.558353] /dev/input/event3: 0003 0036 00000310
[   12735.558383] /dev/input/event3: 0000 0002 00000000
[   12735.558406] /dev/input/event3: 0000 0000 00000000
[   12735.615503] /dev/input/event3: 0000 0002 00000000
[   12735.615547] /dev/input/event3: 0000 0000 00000000
[   12740.566826] /dev/input/event3: 0003 0039 00000000
[   12740.566940] /dev/input/event3: 0003 0030 00000040
[   12740.566967] /dev/input/event3: 0003 003a 00000040
[   12740.566997] /dev/input/event3: 0003 0035 000005d3
[   12740.567026] /dev/input/event3: 0003 0036 0000029f
[   12740.567055] /dev/input/event3: 0000 0002 00000000
[   12740.567078] /dev/input/event3: 0000 0000 00000000
[   12740.625700] /dev/input/event3: 0000 0002 00000000
[   12740.625759] /dev/input/event3: 0000 0000 00000000
[   12745.499851] /dev/input/event3: 0003 0039 00000000
[   12745.499882] /dev/input/event3: 0003 0030 00000040
[   12745.499888] /dev/input/event3: 0003 003a 00000040
[   12745.499895] /dev/input/event3: 0003 0035 0000002a
[   12745.499901] /dev/input/event3: 0003 0036 000003e5
[   12745.499908] /dev/input/event3: 0000 0002 00000000
[   12745.499913] /dev/input/event3: 0000 0000 00000000
[   12745.617072] /dev/input/event3: 0000 0002 00000000
[   12745.617090] /dev/input/event3: 0000 0000 00000000
[   12746.484332] /dev/input/event3: 0003 0039 00000000
[   12746.484359] /dev/input/event3: 0003 0030 00000040
[   12746.484363] /dev/input/event3: 0003 003a 00000040
[   12746.484367] /dev/input/event3: 0003 0035 0000002f
[   12746.484371] /dev/input/event3: 0003 0036 000003e3
[   12746.484375] /dev/input/event3: 0000 0002 00000000
[   12746.484379] /dev/input/event3: 0000 0000 00000000
[   12746.573275] /dev/input/event3: 0000 0002 00000000
[   12746.573294] /dev/input/event3: 0000 0000 00000000
[   12747.308972] /dev/input/event3: 0003 0039 00000000
[   12747.309008] /dev/input/event3: 0003 0030 00000080
[   12747.309014] /dev/input/event3: 0003 003a 00000080
[   12747.309021] /dev/input/event3: 0003 0035 0000002d
[   12747.309027] /dev/input/event3: 0003 0036 000003d6
[   12747.309034] /dev/input/event3: 0000 0002 00000000
[   12747.309039] /dev/input/event3: 0000 0000 00000000
[   12747.398521] /dev/input/event3: 0000 0002 00000000
[   12747.398541] /dev/input/event3: 0000 0000 00000000
