[  202214.949512] /dev/input/event3: 0003 0039 00000000
[  202214.949542] /dev/input/event3: 0003 0030 00000040
[  202214.949547] /dev/input/event3: 0003 003a 00000040
[  202214.949552] /dev/input/event3: 0003 0035 00000236
[  202214.949557] /dev/input/event3: 0003 0036 000001da
[  202214.949562] /dev/input/event3: 0000 0002 00000000
[  202214.949567] /dev/input/event3: 0000 0000 00000000
[  202215.050421] /dev/input/event3: 0003 0039 00000000
[  202215.050451] /dev/input/event3: 0003 0030 00000060
[  202215.050456] /dev/input/event3: 0003 003a 00000060
[  202215.050461] /dev/input/event3: 0003 0035 00000215
[  202215.050466] /dev/input/event3: 0003 0036 000001e2
[  202215.050472] /dev/input/event3: 0000 0002 00000000
[  202215.050476] /dev/input/event3: 0000 0000 00000000
[  202215.060240] /dev/input/event3: 0003 0039 00000000
[  202215.060267] /dev/input/event3: 0003 0030 00000080
[  202215.060272] /dev/input/event3: 0003 003a 00000080
[  202215.060278] /dev/input/event3: 0003 0035 00000206
[  202215.060283] /dev/input/event3: 0003 0036 000001e6
[  202215.060288] /dev/input/event3: 0000 0002 00000000
[  202215.060292] /dev/input/event3: 0000 0000 00000000
[  202215.070309] /dev/input/event3: 0003 0039 00000000
[  202215.070332] /dev/input/event3: 0003 0030 00000080
[  202215.070337] /dev/input/event3: 0003 003a 00000080
[  202215.070342] /dev/input/event3: 0003 0035 000001f5
[  202215.070347] /dev/input/event3: 0003 0036 000001eb
[  202215.070353] /dev/input/event3: 0000 0002 00000000
[  202215.070357] /dev/input/event3: 0000 0000 00000000
[  202215.080331] /dev/input/event3: 0003 0039 00000000
[  202215.080368] /dev/input/event3: 0003 0030 00000060
[  202215.080373] /dev/input/event3: 0003 003a 00000060
[  202215.080378] /dev/input/event3: 0003 0035 000001e5
[  202215.080383] /dev/input/event3: 0003 0036 000001ef
[  202215.080389] /dev/input/event3: 0000 0002 00000000
[  202215.080393] /dev/input/event3: 0000 0000 00000000
[  202215.090323] /dev/input/event3: 0003 0039 00000000
[  202215.090352] /dev/input/event3: 0003 0030 00000040
[  202215.090357] /dev/input/event3: 0003 003a 00000040
[  202215.090363] /dev/input/event3: 0003 0035 000001db
[  202215.090368] /dev/input/event3: 0003 0036 000001f3
[  202215.090373] /dev/input/event3: 0000 0002 00000000
[  202215.090378] /dev/input/event3: 0000 0000 00000000
[  202215.100516] /dev/input/event3: 0003 0039 00000000
[  202215.100559] /dev/input/event3: 0003 0030 00000080
[  202215.100565] /dev/input/event3: 0003 003a 00000080
[  202215.100570] /dev/input/event3: 0003 0035 000001d4
[  202215.100576] /dev/input/event3: 0003 0036 000001f5
[  202215.100581] /dev/input/event3: 0000 0002 00000000
[  202215.100586] /dev/input/event3: 0000 0000 00000000
[  202215.110438] /dev/input/event3: 0003 0039 00000000
[  202215.110478] /dev/input/event3: 0003 0030 00000080
[  202215.110483] /dev/input/event3: 0003 003a 00000080
[  202215.110488] /dev/input/event3: 0003 0035 000001c8
[  202215.110493] /dev/input/event3: 0003 0036 000001f8
[  202215.110498] /dev/input/event3: 0000 0002 00000000
[  202215.110503] /dev/input/event3: 0000 0000 00000000
[  202215.122922] /dev/input/event3: 0003 0039 00000000
[  202215.122951] /dev/input/event3: 0003 0030 00000060
[  202215.122956] /dev/input/event3: 0003 003a 00000060
[  202215.122962] /dev/input/event3: 0003 0035 000001b9
[  202215.122967] /dev/input/event3: 0003 0036 000001fc
[  202215.122972] /dev/input/event3: 0000 0002 00000000
[  202215.122976] /dev/input/event3: 0000 0000 00000000
[  202215.130462] /dev/input/event3: 0003 0039 00000000
[  202215.130494] /dev/input/event3: 0003 0030 00000040
[  202215.130497] /dev/input/event3: 0003 003a 00000040
[  202215.130500] /dev/input/event3: 0003 0035 000001ac
[  202215.130502] /dev/input/event3: 0003 0036 000001ff
[  202215.130505] /dev/input/event3: 0000 0002 00000000
[  202215.130508] /dev/input/event3: 0000 0000 00000000
[  202215.140580] /dev/input/event3: 0003 0039 00000000
[  202215.140602] /dev/input/event3: 0003 0030 00000040
[  202215.140604] /dev/input/event3: 0003 003a 00000040
[  202215.140607] /dev/input/event3: 0003 0035 000001a2
[  202215.140609] /dev/input/event3: 0003 0036 00000202
[  202215.140612] /dev/input/event3: 0000 0002 00000000
[  202215.140614] /dev/input/event3: 0000 0000 00000000
[  202215.150484] /dev/input/event3: 0003 0039 00000000
[  202215.150659] /dev/input/event3: 0003 0030 00000040
[  202215.150667] /dev/input/event3: 0003 003a 00000040
[  202215.150671] /dev/input/event3: 0003 0035 00000192
[  202215.150673] /dev/input/event3: 0003 0036 00000205
[  202215.150676] /dev/input/event3: 0000 0002 00000000
[  202215.150678] /dev/input/event3: 0000 0000 00000000
[  202215.160554] /dev/input/event3: 0003 0039 00000000
[  202215.160588] /dev/input/event3: 0003 0030 00000040
[  202215.160591] /dev/input/event3: 0003 003a 00000040
[  202215.160594] /dev/input/event3: 0003 0035 00000183
[  202215.160596] /dev/input/event3: 0003 0036 00000208
[  202215.160599] /dev/input/event3: 0000 0002 00000000
[  202215.160602] /dev/input/event3: 0000 0000 00000000
[  202215.170501] /dev/input/event3: 0003 0039 00000000
[  202215.170522] /dev/input/event3: 0003 0030 00000040
[  202215.170525] /dev/input/event3: 0003 003a 00000040
[  202215.170527] /dev/input/event3: 0003 0035 00000179
[  202215.170530] /dev/input/event3: 0003 0036 0000020b
[  202215.170532] /dev/input/event3: 0000 0002 00000000
[  202215.170535] /dev/input/event3: 0000 0000 00000000
[  202215.180581] /dev/input/event3: 0003 0039 00000000
[  202215.180618] /dev/input/event3: 0003 0030 00000060
[  202215.180621] /dev/input/event3: 0003 003a 00000060
[  202215.180624] /dev/input/event3: 0003 0035 0000016f
[  202215.180626] /dev/input/event3: 0003 0036 0000020e
[  202215.180629] /dev/input/event3: 0000 0002 00000000
[  202215.180631] /dev/input/event3: 0000 0000 00000000
[  202215.190647] /dev/input/event3: 0003 0039 00000000
[  202215.190667] /dev/input/event3: 0003 0030 00000080
[  202215.190669] /dev/input/event3: 0003 003a 00000080
[  202215.190672] /dev/input/event3: 0003 0035 00000162
[  202215.190675] /dev/input/event3: 0003 0036 00000215
[  202215.190677] /dev/input/event3: 0000 0002 00000000
[  202215.190679] /dev/input/event3: 0000 0000 00000000
[  202215.200609] /dev/input/event3: 0003 0039 00000000
[  202215.200628] /dev/input/event3: 0003 0030 00000060
[  202215.200631] /dev/input/event3: 0003 003a 00000060
[  202215.200634] /dev/input/event3: 0003 0035 0000014e
[  202215.200636] /dev/input/event3: 0003 0036 00000221
[  202215.200639] /dev/input/event3: 0000 0002 00000000
[  202215.200641] /dev/input/event3: 0000 0000 00000000
[  202215.210808] /dev/input/event3: 0003 0039 00000000
[  202215.210839] /dev/input/event3: 0003 0030 00000060
[  202215.210842] /dev/input/event3: 0003 003a 00000060
[  202215.210845] /dev/input/event3: 0003 0035 00000144
[  202215.210847] /dev/input/event3: 0003 0036 00000227
[  202215.210850] /dev/input/event3: 0000 0002 00000000
[  202215.210852] /dev/input/event3: 0000 0000 00000000
[  202215.220619] /dev/input/event3: 0003 0039 00000000
[  202215.220635] /dev/input/event3: 0003 0030 00000060
[  202215.220637] /dev/input/event3: 0003 003a 00000060
[  202215.220640] /dev/input/event3: 0003 0035 0000013d
[  202215.220643] /dev/input/event3: 0003 0036 0000022b
[  202215.220645] /dev/input/event3: 0000 0002 00000000
[  202215.220647] /dev/input/event3: 0000 0000 00000000
[  202215.230783] /dev/input/event3: 0003 0039 00000000
[  202215.230823] /dev/input/event3: 0003 0030 00000040
[  202215.230825] /dev/input/event3: 0003 003a 00000040
[  202215.230828] /dev/input/event3: 0003 0035 00000139
[  202215.230830] /dev/input/event3: 0003 0036 0000022d
[  202215.230833] /dev/input/event3: 0000 0002 00000000
[  202215.230836] /dev/input/event3: 0000 0000 00000000
[  202215.241190] /dev/input/event3: 0003 0039 00000000
[  202215.241212] /dev/input/event3: 0003 0030 00000040
[  202215.241215] /dev/input/event3: 0003 003a 00000040
[  202215.241217] /dev/input/event3: 0003 0035 00000134
[  202215.241220] /dev/input/event3: 0003 0036 00000230
[  202215.241222] /dev/input/event3: 0000 0002 00000000
[  202215.241225] /dev/input/event3: 0000 0000 00000000
[  202215.251250] /dev/input/event3: 0003 0039 00000000
[  202215.251267] /dev/input/event3: 0003 0030 00000040
[  202215.251270] /dev/input/event3: 0003 003a 00000040
[  202215.251273] /dev/input/event3: 0003 0035 00000129
[  202215.251276] /dev/input/event3: 0003 0036 00000232
[  202215.251278] /dev/input/event3: 0000 0002 00000000
[  202215.251280] /dev/input/event3: 0000 0000 00000000
[  202215.261317] /dev/input/event3: 0003 0039 00000000
[  202215.261350] /dev/input/event3: 0003 0030 00000060
[  202215.261353] /dev/input/event3: 0003 003a 00000060
[  202215.261356] /dev/input/event3: 0003 0035 0000011d
[  202215.261359] /dev/input/event3: 0003 0036 00000235
[  202215.261361] /dev/input/event3: 0000 0002 00000000
[  202215.261363] /dev/input/event3: 0000 0000 00000000
[  202215.271266] /dev/input/event3: 0003 0039 00000000
[  202215.271285] /dev/input/event3: 0003 0030 00000040
[  202215.271287] /dev/input/event3: 0003 003a 00000040
[  202215.271290] /dev/input/event3: 0003 0035 00000115
[  202215.271293] /dev/input/event3: 0003 0036 00000237
[  202215.271295] /dev/input/event3: 0000 0002 00000000
[  202215.271297] /dev/input/event3: 0000 0000 00000000
[  202215.281321] /dev/input/event3: 0003 0039 00000000
[  202215.281361] /dev/input/event3: 0003 0030 00000040
[  202215.281364] /dev/input/event3: 0003 003a 00000040
[  202215.281367] /dev/input/event3: 0003 0035 00000110
[  202215.281370] /dev/input/event3: 0003 0036 00000239
[  202215.281372] /dev/input/event3: 0000 0002 00000000
[  202215.281375] /dev/input/event3: 0000 0000 00000000
[  202215.291336] /dev/input/event3: 0003 0039 00000000
[  202215.291355] /dev/input/event3: 0003 0030 00000060
[  202215.291357] /dev/input/event3: 0003 003a 00000060
[  202215.291360] /dev/input/event3: 0003 0035 0000010a
[  202215.291363] /dev/input/event3: 0003 0036 0000023a
[  202215.291365] /dev/input/event3: 0000 0002 00000000
[  202215.291368] /dev/input/event3: 0000 0000 00000000
[  202215.301381] /dev/input/event3: 0003 0039 00000000
[  202215.301398] /dev/input/event3: 0003 0030 00000080
[  202215.301400] /dev/input/event3: 0003 003a 00000080
[  202215.301403] /dev/input/event3: 0003 0035 00000105
[  202215.301406] /dev/input/event3: 0003 0036 0000023c
[  202215.301408] /dev/input/event3: 0000 0002 00000000
[  202215.301410] /dev/input/event3: 0000 0000 00000000
[  202215.311474] /dev/input/event3: 0003 0039 00000000
[  202215.311512] /dev/input/event3: 0003 0030 00000080
[  202215.311515] /dev/input/event3: 0003 003a 00000080
[  202215.311518] /dev/input/event3: 0003 0035 00000100
[  202215.311520] /dev/input/event3: 0003 0036 0000023e
[  202215.311523] /dev/input/event3: 0000 0002 00000000
[  202215.311525] /dev/input/event3: 0000 0000 00000000
[  202215.321460] /dev/input/event3: 0003 0039 00000000
[  202215.321483] /dev/input/event3: 0003 0030 00000080
[  202215.321486] /dev/input/event3: 0003 003a 00000080
[  202215.321489] /dev/input/event3: 0003 0035 000000f9
[  202215.321491] /dev/input/event3: 0003 0036 00000240
[  202215.321494] /dev/input/event3: 0000 0002 00000000
[  202215.321496] /dev/input/event3: 0000 0000 00000000
[  202215.331550] /dev/input/event3: 0003 0039 00000000
[  202215.331590] /dev/input/event3: 0003 0030 00000080
[  202215.331593] /dev/input/event3: 0003 003a 00000080
[  202215.331595] /dev/input/event3: 0003 0035 000000f3
[  202215.331598] /dev/input/event3: 0003 0036 00000242
[  202215.331600] /dev/input/event3: 0000 0002 00000000
[  202215.331603] /dev/input/event3: 0000 0000 00000000
[  202215.341528] /dev/input/event3: 0003 0039 00000000
[  202215.341550] /dev/input/event3: 0003 0030 00000080
[  202215.341552] /dev/input/event3: 0003 003a 00000080
[  202215.341555] /dev/input/event3: 0003 0035 000000ec
[  202215.341557] /dev/input/event3: 0003 0036 00000244
[  202215.341560] /dev/input/event3: 0000 0002 00000000
[  202215.341562] /dev/input/event3: 0000 0000 00000000
[  202215.351559] /dev/input/event3: 0003 0039 00000000
[  202215.351589] /dev/input/event3: 0003 0030 00000040
[  202215.351592] /dev/input/event3: 0003 003a 00000040
[  202215.351595] /dev/input/event3: 0003 0035 000000e6
[  202215.351597] /dev/input/event3: 0003 0036 00000246
[  202215.351600] /dev/input/event3: 0000 0002 00000000
[  202215.351602] /dev/input/event3: 0000 0000 00000000
[  202215.361652] /dev/input/event3: 0003 0039 00000000
[  202215.361701] /dev/input/event3: 0003 0030 00000040
[  202215.361704] /dev/input/event3: 0003 003a 00000040
[  202215.361706] /dev/input/event3: 0003 0035 000000e2
[  202215.361709] /dev/input/event3: 0003 0036 00000247
[  202215.361711] /dev/input/event3: 0000 0002 00000000
[  202215.361714] /dev/input/event3: 0000 0000 00000000
[  202215.371571] /dev/input/event3: 0003 0039 00000000
[  202215.371590] /dev/input/event3: 0003 0030 00000040
[  202215.371592] /dev/input/event3: 0003 003a 00000040
[  202215.371595] /dev/input/event3: 0003 0035 000000df
[  202215.371597] /dev/input/event3: 0003 0036 00000248
[  202215.371600] /dev/input/event3: 0000 0002 00000000
[  202215.371602] /dev/input/event3: 0000 0000 00000000
[  202215.381661] /dev/input/event3: 0003 0039 00000000
[  202215.381699] /dev/input/event3: 0003 0030 00000040
[  202215.381702] /dev/input/event3: 0003 003a 00000040
[  202215.381706] /dev/input/event3: 0003 0035 000000dc
[  202215.381709] /dev/input/event3: 0003 0036 00000249
[  202215.381711] /dev/input/event3: 0000 0002 00000000
[  202215.381714] /dev/input/event3: 0000 0000 00000000
[  202215.391668] /dev/input/event3: 0003 0039 00000000
[  202215.391690] /dev/input/event3: 0003 0030 00000040
[  202215.391692] /dev/input/event3: 0003 003a 00000040
[  202215.391695] /dev/input/event3: 0003 0035 000000da
[  202215.391698] /dev/input/event3: 0003 0036 0000024a
[  202215.391700] /dev/input/event3: 0000 0002 00000000
[  202215.391702] /dev/input/event3: 0000 0000 00000000
[  202215.401694] /dev/input/event3: 0003 0039 00000000
[  202215.401721] /dev/input/event3: 0003 0030 00000040
[  202215.401724] /dev/input/event3: 0003 003a 00000040
[  202215.401727] /dev/input/event3: 0003 0035 000000d8
[  202215.401729] /dev/input/event3: 0003 0036 0000024b
[  202215.401732] /dev/input/event3: 0000 0002 00000000
[  202215.401734] /dev/input/event3: 0000 0000 00000000
[  202215.411797] /dev/input/event3: 0003 0039 00000000
[  202215.411847] /dev/input/event3: 0003 0030 00000040
[  202215.411851] /dev/input/event3: 0003 003a 00000040
[  202215.411854] /dev/input/event3: 0003 0035 000000d6
[  202215.411856] /dev/input/event3: 0003 0036 0000024b
[  202215.411859] /dev/input/event3: 0000 0002 00000000
[  202215.411863] /dev/input/event3: 0000 0000 00000000
[  202215.421736] /dev/input/event3: 0003 0039 00000000
[  202215.421753] /dev/input/event3: 0003 0030 00000040
[  202215.421756] /dev/input/event3: 0003 003a 00000040
[  202215.421758] /dev/input/event3: 0003 0035 000000d5
[  202215.421761] /dev/input/event3: 0003 0036 0000024c
[  202215.421763] /dev/input/event3: 0000 0002 00000000
[  202215.421766] /dev/input/event3: 0000 0000 00000000
[  202215.431818] /dev/input/event3: 0003 0039 00000000
[  202215.431850] /dev/input/event3: 0003 0030 00000080
[  202215.431853] /dev/input/event3: 0003 003a 00000080
[  202215.431856] /dev/input/event3: 0003 0035 000000d3
[  202215.431858] /dev/input/event3: 0003 0036 0000024c
[  202215.431861] /dev/input/event3: 0000 0002 00000000
[  202215.431864] /dev/input/event3: 0000 0000 00000000
[  202215.442377] /dev/input/event3: 0003 0039 00000000
[  202215.442396] /dev/input/event3: 0003 0030 00000080
[  202215.442398] /dev/input/event3: 0003 003a 00000080
[  202215.442401] /dev/input/event3: 0003 0035 000000d2
[  202215.442404] /dev/input/event3: 0003 0036 0000024d
[  202215.442406] /dev/input/event3: 0000 0002 00000000
[  202215.442408] /dev/input/event3: 0000 0000 00000000
[  202215.452430] /dev/input/event3: 0003 0039 00000000
[  202215.452451] /dev/input/event3: 0003 0030 00000080
[  202215.452454] /dev/input/event3: 0003 003a 00000080
[  202215.452457] /dev/input/event3: 0003 0035 000000d0
[  202215.452459] /dev/input/event3: 0003 0036 0000024d
[  202215.452462] /dev/input/event3: 0000 0002 00000000
[  202215.452464] /dev/input/event3: 0000 0000 00000000
[  202215.462469] /dev/input/event3: 0003 0039 00000000
[  202215.462503] /dev/input/event3: 0003 0030 00000080
[  202215.462506] /dev/input/event3: 0003 003a 00000080
[  202215.462509] /dev/input/event3: 0003 0035 000000ce
[  202215.462511] /dev/input/event3: 0003 0036 0000024e
[  202215.462514] /dev/input/event3: 0000 0002 00000000
[  202215.462516] /dev/input/event3: 0000 0000 00000000
[  202215.472522] /dev/input/event3: 0003 0039 00000000
[  202215.472546] /dev/input/event3: 0003 0030 00000080
[  202215.472549] /dev/input/event3: 0003 003a 00000080
[  202215.472552] /dev/input/event3: 0003 0035 000000cc
[  202215.472554] /dev/input/event3: 0003 0036 0000024e
[  202215.472557] /dev/input/event3: 0000 0002 00000000
[  202215.472560] /dev/input/event3: 0000 0000 00000000
[  202215.482567] /dev/input/event3: 0003 0039 00000000
[  202215.482598] /dev/input/event3: 0003 0030 00000080
[  202215.482601] /dev/input/event3: 0003 003a 00000080
[  202215.482604] /dev/input/event3: 0003 0035 000000ca
[  202215.482607] /dev/input/event3: 0003 0036 0000024f
[  202215.482609] /dev/input/event3: 0000 0002 00000000
[  202215.482612] /dev/input/event3: 0000 0000 00000000
[  202215.492599] /dev/input/event3: 0003 0039 00000000
[  202215.492624] /dev/input/event3: 0003 0030 00000080
[  202215.492627] /dev/input/event3: 0003 003a 00000080
[  202215.492630] /dev/input/event3: 0003 0035 000000c8
[  202215.492632] /dev/input/event3: 0003 0036 0000024f
[  202215.492635] /dev/input/event3: 0000 0002 00000000
[  202215.492637] /dev/input/event3: 0000 0000 00000000
[  202215.502618] /dev/input/event3: 0003 0039 00000000
[  202215.502635] /dev/input/event3: 0003 0030 00000080
[  202215.502638] /dev/input/event3: 0003 003a 00000080
[  202215.502640] /dev/input/event3: 0003 0035 000000c6
[  202215.502643] /dev/input/event3: 0003 0036 00000250
[  202215.502645] /dev/input/event3: 0000 0002 00000000
[  202215.502648] /dev/input/event3: 0000 0000 00000000
[  202215.512690] /dev/input/event3: 0003 0039 00000000
[  202215.512725] /dev/input/event3: 0003 0030 00000080
[  202215.512727] /dev/input/event3: 0003 003a 00000080
[  202215.512731] /dev/input/event3: 0003 0035 000000c3
[  202215.512734] /dev/input/event3: 0003 0036 00000251
[  202215.512737] /dev/input/event3: 0000 0002 00000000
[  202215.512739] /dev/input/event3: 0000 0000 00000000
[  202215.522703] /dev/input/event3: 0003 0039 00000000
[  202215.522724] /dev/input/event3: 0003 0030 00000080
[  202215.522726] /dev/input/event3: 0003 003a 00000080
[  202215.522729] /dev/input/event3: 0003 0035 000000c0
[  202215.522732] /dev/input/event3: 0003 0036 00000251
[  202215.522734] /dev/input/event3: 0000 0002 00000000
[  202215.522736] /dev/input/event3: 0000 0000 00000000
[  202215.532805] /dev/input/event3: 0003 0039 00000000
[  202215.532846] /dev/input/event3: 0003 0030 00000080
[  202215.532849] /dev/input/event3: 0003 003a 00000080
[  202215.532852] /dev/input/event3: 0003 0035 000000be
[  202215.532854] /dev/input/event3: 0003 0036 00000251
[  202215.532857] /dev/input/event3: 0000 0002 00000000
[  202215.532860] /dev/input/event3: 0000 0000 00000000
[  202215.542742] /dev/input/event3: 0003 0039 00000000
[  202215.542761] /dev/input/event3: 0003 0030 00000080
[  202215.542763] /dev/input/event3: 0003 003a 00000080
[  202215.542766] /dev/input/event3: 0003 0035 000000bc
[  202215.542769] /dev/input/event3: 0003 0036 00000252
[  202215.542771] /dev/input/event3: 0000 0002 00000000
[  202215.542774] /dev/input/event3: 0000 0000 00000000
[  202215.552813] /dev/input/event3: 0003 0039 00000000
[  202215.552832] /dev/input/event3: 0003 0030 00000080
[  202215.552835] /dev/input/event3: 0003 003a 00000080
[  202215.552838] /dev/input/event3: 0003 0035 000000ba
[  202215.552840] /dev/input/event3: 0003 0036 00000252
[  202215.552843] /dev/input/event3: 0000 0002 00000000
[  202215.552845] /dev/input/event3: 0000 0000 00000000
[  202215.562901] /dev/input/event3: 0003 0039 00000000
[  202215.562935] /dev/input/event3: 0003 0030 00000060
[  202215.562937] /dev/input/event3: 0003 003a 00000060
[  202215.562940] /dev/input/event3: 0003 0035 000000b9
[  202215.562943] /dev/input/event3: 0003 0036 00000252
[  202215.562945] /dev/input/event3: 0000 0002 00000000
[  202215.562948] /dev/input/event3: 0000 0000 00000000
[  202215.572928] /dev/input/event3: 0003 0039 00000000
[  202215.572968] /dev/input/event3: 0003 0030 00000060
[  202215.572971] /dev/input/event3: 0003 003a 00000060
[  202215.572974] /dev/input/event3: 0003 0035 000000b7
[  202215.572977] /dev/input/event3: 0003 0036 00000252
[  202215.572979] /dev/input/event3: 0000 0002 00000000
[  202215.572981] /dev/input/event3: 0000 0000 00000000
[  202215.582969] /dev/input/event3: 0003 0039 00000000
[  202215.582989] /dev/input/event3: 0003 0030 00000060
[  202215.582992] /dev/input/event3: 0003 003a 00000060
[  202215.582995] /dev/input/event3: 0003 0035 000000b6
[  202215.582997] /dev/input/event3: 0003 0036 00000252
[  202215.583000] /dev/input/event3: 0000 0002 00000000
[  202215.583002] /dev/input/event3: 0000 0000 00000000
[  202215.592947] /dev/input/event3: 0003 0039 00000000
[  202215.592971] /dev/input/event3: 0003 0030 00000060
[  202215.592974] /dev/input/event3: 0003 003a 00000060
[  202215.592977] /dev/input/event3: 0003 0035 000000b4
[  202215.592979] /dev/input/event3: 0003 0036 00000252
[  202215.592982] /dev/input/event3: 0000 0002 00000000
[  202215.592984] /dev/input/event3: 0000 0000 00000000
[  202215.603017] /dev/input/event3: 0003 0039 00000000
[  202215.603052] /dev/input/event3: 0003 0030 00000060
[  202215.603056] /dev/input/event3: 0003 003a 00000060
[  202215.603059] /dev/input/event3: 0003 0035 000000b3
[  202215.603061] /dev/input/event3: 0003 0036 00000252
[  202215.603064] /dev/input/event3: 0000 0002 00000000
[  202215.603067] /dev/input/event3: 0000 0000 00000000
[  202215.613045] /dev/input/event3: 0003 0039 00000000
[  202215.613085] /dev/input/event3: 0003 0030 00000060
[  202215.613088] /dev/input/event3: 0003 003a 00000060
[  202215.613091] /dev/input/event3: 0003 0035 000000b2
[  202215.613094] /dev/input/event3: 0003 0036 00000251
[  202215.613096] /dev/input/event3: 0000 0002 00000000
[  202215.613098] /dev/input/event3: 0000 0000 00000000
[  202215.623049] /dev/input/event3: 0003 0039 00000000
[  202215.623069] /dev/input/event3: 0003 0030 00000060
[  202215.623072] /dev/input/event3: 0003 003a 00000060
[  202215.623075] /dev/input/event3: 0003 0035 000000b0
[  202215.623077] /dev/input/event3: 0003 0036 00000251
[  202215.623080] /dev/input/event3: 0000 0002 00000000
[  202215.623082] /dev/input/event3: 0000 0000 00000000
[  202215.633144] /dev/input/event3: 0003 0039 00000000
[  202215.633180] /dev/input/event3: 0003 0030 00000040
[  202215.633182] /dev/input/event3: 0003 003a 00000040
[  202215.633185] /dev/input/event3: 0003 0035 000000af
[  202215.633187] /dev/input/event3: 0003 0036 00000250
[  202215.633190] /dev/input/event3: 0000 0002 00000000
[  202215.633193] /dev/input/event3: 0000 0000 00000000
[  202215.643652] /dev/input/event3: 0003 0039 00000000
[  202215.643684] /dev/input/event3: 0003 0030 00000040
[  202215.643687] /dev/input/event3: 0003 003a 00000040
[  202215.643690] /dev/input/event3: 0003 0035 000000ae
[  202215.643692] /dev/input/event3: 0003 0036 0000024f
[  202215.643695] /dev/input/event3: 0000 0002 00000000
[  202215.643697] /dev/input/event3: 0000 0000 00000000
[  202215.653667] /dev/input/event3: 0003 0039 00000000
[  202215.653686] /dev/input/event3: 0003 0030 00000040
[  202215.653689] /dev/input/event3: 0003 003a 00000040
[  202215.653691] /dev/input/event3: 0003 0035 000000ac
[  202215.653694] /dev/input/event3: 0003 0036 0000024e
[  202215.653696] /dev/input/event3: 0000 0002 00000000
[  202215.653699] /dev/input/event3: 0000 0000 00000000
[  202215.663737] /dev/input/event3: 0003 0039 00000000
[  202215.663773] /dev/input/event3: 0003 0030 00000040
[  202215.663776] /dev/input/event3: 0003 003a 00000040
[  202215.663779] /dev/input/event3: 0003 0035 000000aa
[  202215.663781] /dev/input/event3: 0003 0036 0000024d
[  202215.663784] /dev/input/event3: 0000 0002 00000000
[  202215.663786] /dev/input/event3: 0000 0000 00000000
[  202215.673760] /dev/input/event3: 0003 0039 00000000
[  202215.673803] /dev/input/event3: 0003 0030 00000040
[  202215.673806] /dev/input/event3: 0003 003a 00000040
[  202215.673809] /dev/input/event3: 0003 0035 000000a9
[  202215.673811] /dev/input/event3: 0003 0036 0000024b
[  202215.673814] /dev/input/event3: 0000 0002 00000000
[  202215.673817] /dev/input/event3: 0000 0000 00000000
[  202215.683750] /dev/input/event3: 0003 0039 00000000
[  202215.683783] /dev/input/event3: 0003 0030 00000040
[  202215.683786] /dev/input/event3: 0003 003a 00000040
[  202215.683788] /dev/input/event3: 0003 0035 000000a7
[  202215.683791] /dev/input/event3: 0003 0036 0000024a
[  202215.683793] /dev/input/event3: 0000 0002 00000000
[  202215.683796] /dev/input/event3: 0000 0000 00000000
[  202215.693786] /dev/input/event3: 0003 0039 00000000
[  202215.693803] /dev/input/event3: 0003 0030 00000040
[  202215.693806] /dev/input/event3: 0003 003a 00000040
[  202215.693809] /dev/input/event3: 0003 0035 000000a6
[  202215.693811] /dev/input/event3: 0003 0036 00000248
[  202215.693814] /dev/input/event3: 0000 0002 00000000
[  202215.693816] /dev/input/event3: 0000 0000 00000000
[  202215.703858] /dev/input/event3: 0003 0039 00000000
[  202215.703900] /dev/input/event3: 0003 0030 00000040
[  202215.703902] /dev/input/event3: 0003 003a 00000040
[  202215.703905] /dev/input/event3: 0003 0035 000000a5
[  202215.703907] /dev/input/event3: 0003 0036 00000247
[  202215.703910] /dev/input/event3: 0000 0002 00000000
[  202215.703913] /dev/input/event3: 0000 0000 00000000
[  202215.713848] /dev/input/event3: 0003 0039 00000000
[  202215.713866] /dev/input/event3: 0003 0030 00000040
[  202215.713869] /dev/input/event3: 0003 003a 00000040
[  202215.713872] /dev/input/event3: 0003 0035 000000a4
[  202215.713874] /dev/input/event3: 0003 0036 00000246
[  202215.713877] /dev/input/event3: 0000 0002 00000000
[  202215.713879] /dev/input/event3: 0000 0000 00000000
[  202215.723882] /dev/input/event3: 0003 0039 00000000
[  202215.723906] /dev/input/event3: 0003 0030 00000040
[  202215.723909] /dev/input/event3: 0003 003a 00000040
[  202215.723912] /dev/input/event3: 0003 0035 000000a3
[  202215.723915] /dev/input/event3: 0003 0036 00000245
[  202215.723917] /dev/input/event3: 0000 0002 00000000
[  202215.723920] /dev/input/event3: 0000 0000 00000000
[  202215.733903] /dev/input/event3: 0003 0039 00000000
[  202215.733924] /dev/input/event3: 0003 0030 00000040
[  202215.733926] /dev/input/event3: 0003 003a 00000040
[  202215.733929] /dev/input/event3: 0003 0035 000000a2
[  202215.733931] /dev/input/event3: 0003 0036 00000244
[  202215.733934] /dev/input/event3: 0000 0002 00000000
[  202215.733936] /dev/input/event3: 0000 0000 00000000
[  202215.743947] /dev/input/event3: 0003 0039 00000000
[  202215.743968] /dev/input/event3: 0003 0030 00000040
[  202215.743971] /dev/input/event3: 0003 003a 00000040
[  202215.743974] /dev/input/event3: 0003 0035 000000a1
[  202215.743976] /dev/input/event3: 0003 0036 00000243
[  202215.743979] /dev/input/event3: 0000 0002 00000000
[  202215.743981] /dev/input/event3: 0000 0000 00000000
[  202215.764010] /dev/input/event3: 0003 0039 00000000
[  202215.764030] /dev/input/event3: 0003 0030 00000060
[  202215.764033] /dev/input/event3: 0003 003a 00000060
[  202215.764035] /dev/input/event3: 0003 0035 000000a0
[  202215.764038] /dev/input/event3: 0003 0036 00000242
[  202215.764041] /dev/input/event3: 0000 0002 00000000
[  202215.764043] /dev/input/event3: 0000 0000 00000000
[  202215.774102] /dev/input/event3: 0003 0039 00000000
[  202215.774134] /dev/input/event3: 0003 0030 00000060
[  202215.774138] /dev/input/event3: 0003 003a 00000060
[  202215.774141] /dev/input/event3: 0003 0035 0000009f
[  202215.774143] /dev/input/event3: 0003 0036 00000241
[  202215.774146] /dev/input/event3: 0000 0002 00000000
[  202215.774148] /dev/input/event3: 0000 0000 00000000
[  202215.794123] /dev/input/event3: 0003 0039 00000000
[  202215.794147] /dev/input/event3: 0003 0030 00000060
[  202215.794150] /dev/input/event3: 0003 003a 00000060
[  202215.794153] /dev/input/event3: 0003 0035 0000009e
[  202215.794156] /dev/input/event3: 0003 0036 00000240
[  202215.794158] /dev/input/event3: 0000 0002 00000000
[  202215.794160] /dev/input/event3: 0000 0000 00000000
[  202215.814183] /dev/input/event3: 0003 0039 00000000
[  202215.814201] /dev/input/event3: 0003 0030 00000060
[  202215.814204] /dev/input/event3: 0003 003a 00000060
[  202215.814207] /dev/input/event3: 0003 0035 0000009d
[  202215.814209] /dev/input/event3: 0003 0036 0000023f
[  202215.814212] /dev/input/event3: 0000 0002 00000000
[  202215.814214] /dev/input/event3: 0000 0000 00000000
[  202215.844819] /dev/input/event3: 0003 0039 00000000
[  202215.844840] /dev/input/event3: 0003 0030 00000060
[  202215.844843] /dev/input/event3: 0003 003a 00000060
[  202215.844845] /dev/input/event3: 0003 0035 0000009c
[  202215.844848] /dev/input/event3: 0003 0036 0000023e
[  202215.844851] /dev/input/event3: 0000 0002 00000000
[  202215.844853] /dev/input/event3: 0000 0000 00000000
[  202215.864836] /dev/input/event3: 0003 0039 00000000
[  202215.864855] /dev/input/event3: 0003 0030 00000040
[  202215.864858] /dev/input/event3: 0003 003a 00000040
[  202215.864860] /dev/input/event3: 0003 0035 0000009b
[  202215.864863] /dev/input/event3: 0003 0036 0000023d
[  202215.864865] /dev/input/event3: 0000 0002 00000000
[  202215.864868] /dev/input/event3: 0000 0000 00000000
[  202215.884944] /dev/input/event3: 0003 0039 00000000
[  202215.884983] /dev/input/event3: 0003 0030 00000040
[  202215.884986] /dev/input/event3: 0003 003a 00000040
[  202215.884989] /dev/input/event3: 0003 0035 0000009a
[  202215.884992] /dev/input/event3: 0003 0036 0000023d
[  202215.884995] /dev/input/event3: 0000 0002 00000000
[  202215.884997] /dev/input/event3: 0000 0000 00000000
[  202215.894865] /dev/input/event3: 0003 0039 00000000
[  202215.894883] /dev/input/event3: 0003 0030 00000040
[  202215.894885] /dev/input/event3: 0003 003a 00000040
[  202215.894887] /dev/input/event3: 0003 0035 0000009a
[  202215.894890] /dev/input/event3: 0003 0036 0000023c
[  202215.894893] /dev/input/event3: 0000 0002 00000000
[  202215.894895] /dev/input/event3: 0000 0000 00000000
[  202215.914881] /dev/input/event3: 0003 0039 00000000
[  202215.914899] /dev/input/event3: 0003 0030 00000040
[  202215.914902] /dev/input/event3: 0003 003a 00000040
[  202215.914904] /dev/input/event3: 0003 0035 00000099
[  202215.914907] /dev/input/event3: 0003 0036 0000023c
[  202215.914909] /dev/input/event3: 0000 0002 00000000
[  202215.914912] /dev/input/event3: 0000 0000 00000000
[  202215.924909] /dev/input/event3: 0003 0039 00000000
[  202215.924927] /dev/input/event3: 0003 0030 00000040
[  202215.924930] /dev/input/event3: 0003 003a 00000040
[  202215.924933] /dev/input/event3: 0003 0035 00000099
[  202215.924935] /dev/input/event3: 0003 0036 0000023b
[  202215.924938] /dev/input/event3: 0000 0002 00000000
[  202215.924940] /dev/input/event3: 0000 0000 00000000
[  202215.934945] /dev/input/event3: 0003 0039 00000000
[  202215.934976] /dev/input/event3: 0003 0030 00000040
[  202215.934979] /dev/input/event3: 0003 003a 00000040
[  202215.934982] /dev/input/event3: 0003 0035 00000098
[  202215.934984] /dev/input/event3: 0003 0036 0000023b
[  202215.934987] /dev/input/event3: 0000 0002 00000000
[  202215.934989] /dev/input/event3: 0000 0000 00000000
[  202215.954941] /dev/input/event3: 0003 0039 00000000
[  202215.954974] /dev/input/event3: 0003 0030 00000040
[  202215.954978] /dev/input/event3: 0003 003a 00000040
[  202215.954981] /dev/input/event3: 0003 0035 00000097
[  202215.954983] /dev/input/event3: 0003 0036 0000023b
[  202215.954986] /dev/input/event3: 0000 0002 00000000
[  202215.954988] /dev/input/event3: 0000 0000 00000000
[  202215.975066] /dev/input/event3: 0003 0039 00000000
[  202215.975108] /dev/input/event3: 0003 0030 00000040
[  202215.975111] /dev/input/event3: 0003 003a 00000040
[  202215.975114] /dev/input/event3: 0003 0035 00000097
[  202215.975116] /dev/input/event3: 0003 0036 0000023a
[  202215.975119] /dev/input/event3: 0000 0002 00000000
[  202215.975121] /dev/input/event3: 0000 0000 00000000
[  202215.984974] /dev/input/event3: 0003 0039 00000000
[  202215.985004] /dev/input/event3: 0003 0030 00000040
[  202215.985007] /dev/input/event3: 0003 003a 00000040
[  202215.985010] /dev/input/event3: 0003 0035 00000096
[  202215.985012] /dev/input/event3: 0003 0036 0000023a
[  202215.985015] /dev/input/event3: 0000 0002 00000000
[  202215.985017] /dev/input/event3: 0000 0000 00000000
[  202216.024933] /dev/input/event3: 0003 0039 00000000
[  202216.024952] /dev/input/event3: 0003 0030 00000040
[  202216.024955] /dev/input/event3: 0003 003a 00000040
[  202216.024958] /dev/input/event3: 0003 0035 00000095
[  202216.024960] /dev/input/event3: 0003 0036 0000023a
[  202216.024963] /dev/input/event3: 0000 0002 00000000
[  202216.024965] /dev/input/event3: 0000 0000 00000000
[  202216.045526] /dev/input/event3: 0003 0039 00000000
[  202216.045560] /dev/input/event3: 0003 0030 00000040
[  202216.045563] /dev/input/event3: 0003 003a 00000040
[  202216.045566] /dev/input/event3: 0003 0035 00000095
[  202216.045568] /dev/input/event3: 0003 0036 00000239
[  202216.045571] /dev/input/event3: 0000 0002 00000000
[  202216.045573] /dev/input/event3: 0000 0000 00000000
[  202216.065532] /dev/input/event3: 0003 0039 00000000
[  202216.065567] /dev/input/event3: 0003 0030 00000040
[  202216.065570] /dev/input/event3: 0003 003a 00000040
[  202216.065573] /dev/input/event3: 0003 0035 00000094
[  202216.065575] /dev/input/event3: 0003 0036 00000239
[  202216.065578] /dev/input/event3: 0000 0002 00000000
[  202216.065581] /dev/input/event3: 0000 0000 00000000
[  202216.134469] /dev/input/event3: 0000 0002 00000000
[  202216.134510] /dev/input/event3: 0000 0000 00000000
[  202226.518112] /dev/input/event3: 0003 0039 00000000
[  202226.518139] /dev/input/event3: 0003 0030 00000060
[  202226.518144] /dev/input/event3: 0003 003a 00000060
[  202226.518149] /dev/input/event3: 0003 0035 0000023d
[  202226.518155] /dev/input/event3: 0003 0036 000001b8
[  202226.518160] /dev/input/event3: 0000 0002 00000000
[  202226.518164] /dev/input/event3: 0000 0000 00000000
[  202226.639045] /dev/input/event3: 0003 0039 00000000
[  202226.639076] /dev/input/event3: 0003 0030 00000080
[  202226.639081] /dev/input/event3: 0003 003a 00000080
[  202226.639086] /dev/input/event3: 0003 0035 00000224
[  202226.639092] /dev/input/event3: 0003 0036 000001c7
[  202226.639097] /dev/input/event3: 0000 0002 00000000
[  202226.639101] /dev/input/event3: 0000 0000 00000000
[  202226.649105] /dev/input/event3: 0003 0039 00000000
[  202226.649144] /dev/input/event3: 0003 0030 00000060
[  202226.649150] /dev/input/event3: 0003 003a 00000060
[  202226.649155] /dev/input/event3: 0003 0035 0000021a
[  202226.649161] /dev/input/event3: 0003 0036 000001cd
[  202226.649166] /dev/input/event3: 0000 0002 00000000
[  202226.649170] /dev/input/event3: 0000 0000 00000000
[  202226.659126] /dev/input/event3: 0003 0039 00000000
[  202226.659152] /dev/input/event3: 0003 0030 00000060
[  202226.659157] /dev/input/event3: 0003 003a 00000060
[  202226.659163] /dev/input/event3: 0003 0035 00000213
[  202226.659168] /dev/input/event3: 0003 0036 000001d0
[  202226.659173] /dev/input/event3: 0000 0002 00000000
[  202226.659178] /dev/input/event3: 0000 0000 00000000
[  202226.669235] /dev/input/event3: 0003 0039 00000000
[  202226.669281] /dev/input/event3: 0003 0030 00000080
[  202226.669287] /dev/input/event3: 0003 003a 00000080
[  202226.669292] /dev/input/event3: 0003 0035 0000020c
[  202226.669297] /dev/input/event3: 0003 0036 000001d3
[  202226.669303] /dev/input/event3: 0000 0002 00000000
[  202226.669308] /dev/input/event3: 0000 0000 00000000
[  202226.679238] /dev/input/event3: 0003 0039 00000000
[  202226.679281] /dev/input/event3: 0003 0030 00000080
[  202226.679286] /dev/input/event3: 0003 003a 00000080
[  202226.679292] /dev/input/event3: 0003 0035 00000209
[  202226.679297] /dev/input/event3: 0003 0036 000001d5
[  202226.679302] /dev/input/event3: 0000 0002 00000000
[  202226.679307] /dev/input/event3: 0000 0000 00000000
[  202226.689236] /dev/input/event3: 0003 0039 00000000
[  202226.689262] /dev/input/event3: 0003 0030 00000060
[  202226.689267] /dev/input/event3: 0003 003a 00000060
[  202226.689272] /dev/input/event3: 0003 0035 00000204
[  202226.689277] /dev/input/event3: 0003 0036 000001d7
[  202226.689283] /dev/input/event3: 0000 0002 00000000
[  202226.689287] /dev/input/event3: 0000 0000 00000000
[  202226.699351] /dev/input/event3: 0003 0039 00000000
[  202226.699393] /dev/input/event3: 0003 0030 00000060
[  202226.699398] /dev/input/event3: 0003 003a 00000060
[  202226.699403] /dev/input/event3: 0003 0035 000001fe
[  202226.699409] /dev/input/event3: 0003 0036 000001d9
[  202226.699414] /dev/input/event3: 0000 0002 00000000
[  202226.699418] /dev/input/event3: 0000 0000 00000000
[  202226.709332] /dev/input/event3: 0003 0039 00000000
[  202226.709357] /dev/input/event3: 0003 0030 00000080
[  202226.709363] /dev/input/event3: 0003 003a 00000080
[  202226.709368] /dev/input/event3: 0003 0035 000001f4
[  202226.709374] /dev/input/event3: 0003 0036 000001dc
[  202226.709379] /dev/input/event3: 0000 0002 00000000
[  202226.709383] /dev/input/event3: 0000 0000 00000000
[  202226.719395] /dev/input/event3: 0003 0039 00000000
[  202226.719421] /dev/input/event3: 0003 0030 00000060
[  202226.719426] /dev/input/event3: 0003 003a 00000060
[  202226.719431] /dev/input/event3: 0003 0035 000001ec
[  202226.719437] /dev/input/event3: 0003 0036 000001df
[  202226.719442] /dev/input/event3: 0000 0002 00000000
[  202226.719446] /dev/input/event3: 0000 0000 00000000
[  202226.729448] /dev/input/event3: 0003 0039 00000000
[  202226.729492] /dev/input/event3: 0003 0030 00000080
[  202226.729497] /dev/input/event3: 0003 003a 00000080
[  202226.729503] /dev/input/event3: 0003 0035 000001e3
[  202226.729508] /dev/input/event3: 0003 0036 000001e3
[  202226.729513] /dev/input/event3: 0000 0002 00000000
[  202226.729518] /dev/input/event3: 0000 0000 00000000
[  202226.739408] /dev/input/event3: 0003 0039 00000000
[  202226.739435] /dev/input/event3: 0003 0030 00000060
[  202226.739440] /dev/input/event3: 0003 003a 00000060
[  202226.739446] /dev/input/event3: 0003 0035 000001dc
[  202226.739451] /dev/input/event3: 0003 0036 000001e5
[  202226.739456] /dev/input/event3: 0000 0002 00000000
[  202226.739461] /dev/input/event3: 0000 0000 00000000
[  202226.749988] /dev/input/event3: 0003 0039 00000000
[  202226.750006] /dev/input/event3: 0003 0030 00000080
[  202226.750009] /dev/input/event3: 0003 003a 00000080
[  202226.750012] /dev/input/event3: 0003 0035 000001d4
[  202226.750015] /dev/input/event3: 0003 0036 000001e9
[  202226.750018] /dev/input/event3: 0000 0002 00000000
[  202226.750020] /dev/input/event3: 0000 0000 00000000
[  202226.760286] /dev/input/event3: 0003 0039 00000000
[  202226.760328] /dev/input/event3: 0003 0030 00000080
[  202226.760725] /dev/input/event3: 0003 003a 00000080
[  202226.760730] /dev/input/event3: 0003 0035 000001cd
[  202226.760732] /dev/input/event3: 0003 0036 000001ed
[  202226.760735] /dev/input/event3: 0000 0002 00000000
[  202226.760737] /dev/input/event3: 0000 0000 00000000
[  202226.770091] /dev/input/event3: 0003 0039 00000000
[  202226.770112] /dev/input/event3: 0003 0030 00000080
[  202226.770114] /dev/input/event3: 0003 003a 00000080
[  202226.770117] /dev/input/event3: 0003 0035 000001c6
[  202226.770119] /dev/input/event3: 0003 0036 000001f1
[  202226.770122] /dev/input/event3: 0000 0002 00000000
[  202226.770124] /dev/input/event3: 0000 0000 00000000
[  202226.780188] /dev/input/event3: 0003 0039 00000000
[  202226.780223] /dev/input/event3: 0003 0030 00000080
[  202226.780227] /dev/input/event3: 0003 003a 00000080
[  202226.780229] /dev/input/event3: 0003 0035 000001bc
[  202226.780232] /dev/input/event3: 0003 0036 000001f6
[  202226.780234] /dev/input/event3: 0000 0002 00000000
[  202226.780237] /dev/input/event3: 0000 0000 00000000
[  202226.790244] /dev/input/event3: 0003 0039 00000000
[  202226.790263] /dev/input/event3: 0003 0030 00000060
[  202226.790266] /dev/input/event3: 0003 003a 00000060
[  202226.790269] /dev/input/event3: 0003 0035 000001b3
[  202226.790271] /dev/input/event3: 0003 0036 000001fa
[  202226.790274] /dev/input/event3: 0000 0002 00000000
[  202226.790277] /dev/input/event3: 0000 0000 00000000
[  202226.800217] /dev/input/event3: 0003 0039 00000000
[  202226.800247] /dev/input/event3: 0003 0030 00000060
[  202226.800250] /dev/input/event3: 0003 003a 00000060
[  202226.800253] /dev/input/event3: 0003 0035 000001ad
[  202226.800255] /dev/input/event3: 0003 0036 000001fe
[  202226.800258] /dev/input/event3: 0000 0002 00000000
[  202226.800260] /dev/input/event3: 0000 0000 00000000
[  202226.810321] /dev/input/event3: 0003 0039 00000000
[  202226.810345] /dev/input/event3: 0003 0030 00000060
[  202226.810347] /dev/input/event3: 0003 003a 00000060
[  202226.810350] /dev/input/event3: 0003 0035 000001a8
[  202226.810353] /dev/input/event3: 0003 0036 00000200
[  202226.810355] /dev/input/event3: 0000 0002 00000000
[  202226.810357] /dev/input/event3: 0000 0000 00000000
[  202226.820291] /dev/input/event3: 0003 0039 00000000
[  202226.820312] /dev/input/event3: 0003 0030 00000060
[  202226.820315] /dev/input/event3: 0003 003a 00000060
[  202226.820318] /dev/input/event3: 0003 0035 000001a3
[  202226.820320] /dev/input/event3: 0003 0036 00000203
[  202226.820323] /dev/input/event3: 0000 0002 00000000
[  202226.820325] /dev/input/event3: 0000 0000 00000000
[  202226.830445] /dev/input/event3: 0003 0039 00000000
[  202226.830483] /dev/input/event3: 0003 0030 00000060
[  202226.830486] /dev/input/event3: 0003 003a 00000060
[  202226.830489] /dev/input/event3: 0003 0035 0000019d
[  202226.830492] /dev/input/event3: 0003 0036 00000205
[  202226.830494] /dev/input/event3: 0000 0002 00000000
[  202226.830497] /dev/input/event3: 0000 0000 00000000
[  202226.840394] /dev/input/event3: 0003 0039 00000000
[  202226.840415] /dev/input/event3: 0003 0030 00000060
[  202226.840417] /dev/input/event3: 0003 003a 00000060
[  202226.840420] /dev/input/event3: 0003 0035 00000197
[  202226.840422] /dev/input/event3: 0003 0036 00000207
[  202226.840425] /dev/input/event3: 0000 0002 00000000
[  202226.840427] /dev/input/event3: 0000 0000 00000000
[  202226.850425] /dev/input/event3: 0003 0039 00000000
[  202226.850455] /dev/input/event3: 0003 0030 00000080
[  202226.850457] /dev/input/event3: 0003 003a 00000080
[  202226.850460] /dev/input/event3: 0003 0035 0000018e
[  202226.850463] /dev/input/event3: 0003 0036 0000020a
[  202226.850465] /dev/input/event3: 0000 0002 00000000
[  202226.850468] /dev/input/event3: 0000 0000 00000000
[  202226.860453] /dev/input/event3: 0003 0039 00000000
[  202226.860469] /dev/input/event3: 0003 0030 00000060
[  202226.860471] /dev/input/event3: 0003 003a 00000060
[  202226.860474] /dev/input/event3: 0003 0035 00000186
[  202226.860476] /dev/input/event3: 0003 0036 0000020d
[  202226.860479] /dev/input/event3: 0000 0002 00000000
[  202226.860481] /dev/input/event3: 0000 0000 00000000
[  202226.870538] /dev/input/event3: 0003 0039 00000000
[  202226.870577] /dev/input/event3: 0003 0030 00000060
[  202226.870580] /dev/input/event3: 0003 003a 00000060
[  202226.870583] /dev/input/event3: 0003 0035 00000180
[  202226.870585] /dev/input/event3: 0003 0036 0000020e
[  202226.870588] /dev/input/event3: 0000 0002 00000000
[  202226.870591] /dev/input/event3: 0000 0000 00000000
[  202226.880540] /dev/input/event3: 0003 0039 00000000
[  202226.880561] /dev/input/event3: 0003 0030 00000060
[  202226.880564] /dev/input/event3: 0003 003a 00000060
[  202226.880567] /dev/input/event3: 0003 0035 0000017b
[  202226.880569] /dev/input/event3: 0003 0036 00000210
[  202226.880572] /dev/input/event3: 0000 0002 00000000
[  202226.880574] /dev/input/event3: 0000 0000 00000000
[  202226.890643] /dev/input/event3: 0003 0039 00000000
[  202226.890679] /dev/input/event3: 0003 0030 00000060
[  202226.890683] /dev/input/event3: 0003 003a 00000060
[  202226.890686] /dev/input/event3: 0003 0035 00000176
[  202226.890688] /dev/input/event3: 0003 0036 00000211
[  202226.890691] /dev/input/event3: 0000 0002 00000000
[  202226.890693] /dev/input/event3: 0000 0000 00000000
[  202226.900600] /dev/input/event3: 0003 0039 00000000
[  202226.900618] /dev/input/event3: 0003 0030 00000060
[  202226.900621] /dev/input/event3: 0003 003a 00000060
[  202226.900623] /dev/input/event3: 0003 0035 00000173
[  202226.900626] /dev/input/event3: 0003 0036 00000212
[  202226.900629] /dev/input/event3: 0000 0002 00000000
[  202226.900631] /dev/input/event3: 0000 0000 00000000
[  202226.910644] /dev/input/event3: 0003 0039 00000000
[  202226.910663] /dev/input/event3: 0003 0030 00000080
[  202226.910665] /dev/input/event3: 0003 003a 00000080
[  202226.910668] /dev/input/event3: 0003 0035 0000016f
[  202226.910671] /dev/input/event3: 0003 0036 00000213
[  202226.910673] /dev/input/event3: 0000 0002 00000000
[  202226.910676] /dev/input/event3: 0000 0000 00000000
[  202226.920789] /dev/input/event3: 0003 0039 00000000
[  202226.920829] /dev/input/event3: 0003 0030 00000080
[  202226.920832] /dev/input/event3: 0003 003a 00000080
[  202226.920835] /dev/input/event3: 0003 0035 0000016b
[  202226.920837] /dev/input/event3: 0003 0036 00000214
[  202226.920840] /dev/input/event3: 0000 0002 00000000
[  202226.920843] /dev/input/event3: 0000 0000 00000000
[  202226.930717] /dev/input/event3: 0003 0039 00000000
[  202226.930738] /dev/input/event3: 0003 0030 00000080
[  202226.930740] /dev/input/event3: 0003 003a 00000080
[  202226.930743] /dev/input/event3: 0003 0035 00000167
[  202226.930745] /dev/input/event3: 0003 0036 00000216
[  202226.930748] /dev/input/event3: 0000 0002 00000000
[  202226.930750] /dev/input/event3: 0000 0000 00000000
[  202226.940818] /dev/input/event3: 0003 0039 00000000
[  202226.940848] /dev/input/event3: 0003 0030 00000080
[  202226.940851] /dev/input/event3: 0003 003a 00000080
[  202226.940853] /dev/input/event3: 0003 0035 00000163
[  202226.940856] /dev/input/event3: 0003 0036 00000217
[  202226.940858] /dev/input/event3: 0000 0002 00000000
[  202226.940861] /dev/input/event3: 0000 0000 00000000
[  202226.951340] /dev/input/event3: 0003 0039 00000000
[  202226.951362] /dev/input/event3: 0003 0030 00000080
[  202226.951365] /dev/input/event3: 0003 003a 00000080
[  202226.951368] /dev/input/event3: 0003 0035 0000015f
[  202226.951370] /dev/input/event3: 0003 0036 00000219
[  202226.951373] /dev/input/event3: 0000 0002 00000000
[  202226.951375] /dev/input/event3: 0000 0000 00000000
[  202226.961380] /dev/input/event3: 0003 0039 00000000
[  202226.961400] /dev/input/event3: 0003 0030 00000080
[  202226.961402] /dev/input/event3: 0003 003a 00000080
[  202226.961405] /dev/input/event3: 0003 0035 0000015b
[  202226.961407] /dev/input/event3: 0003 0036 0000021b
[  202226.961410] /dev/input/event3: 0000 0002 00000000
[  202226.961413] /dev/input/event3: 0000 0000 00000000
[  202226.971470] /dev/input/event3: 0003 0039 00000000
[  202226.971511] /dev/input/event3: 0003 0030 00000080
[  202226.971514] /dev/input/event3: 0003 003a 00000080
[  202226.971516] /dev/input/event3: 0003 0035 00000157
[  202226.971519] /dev/input/event3: 0003 0036 0000021c
[  202226.971522] /dev/input/event3: 0000 0002 00000000
[  202226.971524] /dev/input/event3: 0000 0000 00000000
[  202226.981454] /dev/input/event3: 0003 0039 00000000
[  202226.981472] /dev/input/event3: 0003 0030 00000080
[  202226.981475] /dev/input/event3: 0003 003a 00000080
[  202226.981477] /dev/input/event3: 0003 0035 00000153
[  202226.981480] /dev/input/event3: 0003 0036 0000021e
[  202226.981482] /dev/input/event3: 0000 0002 00000000
[  202226.981484] /dev/input/event3: 0000 0000 00000000
[  202226.991561] /dev/input/event3: 0003 0039 00000000
[  202226.991599] /dev/input/event3: 0003 0030 00000080
[  202226.991602] /dev/input/event3: 0003 003a 00000080
[  202226.991605] /dev/input/event3: 0003 0035 0000014f
[  202226.991607] /dev/input/event3: 0003 0036 00000220
[  202226.991610] /dev/input/event3: 0000 0002 00000000
[  202226.991613] /dev/input/event3: 0000 0000 00000000
[  202227.001522] /dev/input/event3: 0003 0039 00000000
[  202227.001539] /dev/input/event3: 0003 0030 00000060
[  202227.001542] /dev/input/event3: 0003 003a 00000060
[  202227.001544] /dev/input/event3: 0003 0035 0000014b
[  202227.001547] /dev/input/event3: 0003 0036 00000221
[  202227.001549] /dev/input/event3: 0000 0002 00000000
[  202227.001552] /dev/input/event3: 0000 0000 00000000
[  202227.011566] /dev/input/event3: 0003 0039 00000000
[  202227.011587] /dev/input/event3: 0003 0030 00000060
[  202227.011590] /dev/input/event3: 0003 003a 00000060
[  202227.011592] /dev/input/event3: 0003 0035 00000148
[  202227.011595] /dev/input/event3: 0003 0036 00000223
[  202227.011597] /dev/input/event3: 0000 0002 00000000
[  202227.011600] /dev/input/event3: 0000 0000 00000000
[  202227.021656] /dev/input/event3: 0003 0039 00000000
[  202227.021697] /dev/input/event3: 0003 0030 00000060
[  202227.021701] /dev/input/event3: 0003 003a 00000060
[  202227.021703] /dev/input/event3: 0003 0035 00000145
[  202227.021706] /dev/input/event3: 0003 0036 00000224
[  202227.021708] /dev/input/event3: 0000 0002 00000000
[  202227.021711] /dev/input/event3: 0000 0000 00000000
[  202227.031635] /dev/input/event3: 0003 0039 00000000
[  202227.031654] /dev/input/event3: 0003 0030 00000080
[  202227.031656] /dev/input/event3: 0003 003a 00000080
[  202227.031659] /dev/input/event3: 0003 0035 00000144
[  202227.031662] /dev/input/event3: 0003 0036 00000225
[  202227.031664] /dev/input/event3: 0000 0002 00000000
[  202227.031666] /dev/input/event3: 0000 0000 00000000
[  202227.041731] /dev/input/event3: 0003 0039 00000000
[  202227.041752] /dev/input/event3: 0003 0030 00000060
[  202227.041755] /dev/input/event3: 0003 003a 00000060
[  202227.041758] /dev/input/event3: 0003 0035 00000142
[  202227.041760] /dev/input/event3: 0003 0036 00000226
[  202227.041763] /dev/input/event3: 0000 0002 00000000
[  202227.041765] /dev/input/event3: 0000 0000 00000000
[  202227.051704] /dev/input/event3: 0003 0039 00000000
[  202227.051738] /dev/input/event3: 0003 0030 00000060
[  202227.051740] /dev/input/event3: 0003 003a 00000060
[  202227.051743] /dev/input/event3: 0003 0035 0000013f
[  202227.051745] /dev/input/event3: 0003 0036 00000226
[  202227.051748] /dev/input/event3: 0000 0002 00000000
[  202227.051750] /dev/input/event3: 0000 0000 00000000
[  202227.061738] /dev/input/event3: 0003 0039 00000000
[  202227.061755] /dev/input/event3: 0003 0030 00000060
[  202227.061758] /dev/input/event3: 0003 003a 00000060
[  202227.061761] /dev/input/event3: 0003 0035 0000013d
[  202227.061763] /dev/input/event3: 0003 0036 00000228
[  202227.061766] /dev/input/event3: 0000 0002 00000000
[  202227.061768] /dev/input/event3: 0000 0000 00000000
[  202227.071865] /dev/input/event3: 0003 0039 00000000
[  202227.071909] /dev/input/event3: 0003 0030 00000060
[  202227.071912] /dev/input/event3: 0003 003a 00000060
[  202227.071915] /dev/input/event3: 0003 0035 0000013b
[  202227.071917] /dev/input/event3: 0003 0036 00000228
[  202227.071920] /dev/input/event3: 0000 0002 00000000
[  202227.071923] /dev/input/event3: 0000 0000 00000000
[  202227.081819] /dev/input/event3: 0003 0039 00000000
[  202227.081838] /dev/input/event3: 0003 0030 00000060
[  202227.081841] /dev/input/event3: 0003 003a 00000060
[  202227.081844] /dev/input/event3: 0003 0035 00000139
[  202227.081846] /dev/input/event3: 0003 0036 00000229
[  202227.081849] /dev/input/event3: 0000 0002 00000000
[  202227.081851] /dev/input/event3: 0000 0000 00000000
[  202227.091868] /dev/input/event3: 0003 0039 00000000
[  202227.091886] /dev/input/event3: 0003 0030 00000060
[  202227.091888] /dev/input/event3: 0003 003a 00000060
[  202227.091891] /dev/input/event3: 0003 0035 00000138
[  202227.091893] /dev/input/event3: 0003 0036 0000022a
[  202227.091896] /dev/input/event3: 0000 0002 00000000
[  202227.091898] /dev/input/event3: 0000 0000 00000000
[  202227.101918] /dev/input/event3: 0003 0039 00000000
[  202227.101958] /dev/input/event3: 0003 0030 00000060
[  202227.101960] /dev/input/event3: 0003 003a 00000060
[  202227.101963] /dev/input/event3: 0003 0035 00000136
[  202227.101966] /dev/input/event3: 0003 0036 0000022b
[  202227.101968] /dev/input/event3: 0000 0002 00000000
[  202227.101971] /dev/input/event3: 0000 0000 00000000
[  202227.111964] /dev/input/event3: 0003 0039 00000000
[  202227.111998] /dev/input/event3: 0003 0030 00000040
[  202227.112001] /dev/input/event3: 0003 003a 00000040
[  202227.112003] /dev/input/event3: 0003 0035 00000134
[  202227.112006] /dev/input/event3: 0003 0036 0000022c
[  202227.112008] /dev/input/event3: 0000 0002 00000000
[  202227.112011] /dev/input/event3: 0000 0000 00000000
[  202227.121966] /dev/input/event3: 0003 0039 00000000
[  202227.122007] /dev/input/event3: 0003 0030 00000040
[  202227.122010] /dev/input/event3: 0003 003a 00000040
[  202227.122012] /dev/input/event3: 0003 0035 00000133
[  202227.122015] /dev/input/event3: 0003 0036 0000022d
[  202227.122017] /dev/input/event3: 0000 0002 00000000
[  202227.122020] /dev/input/event3: 0000 0000 00000000
[  202227.131897] /dev/input/event3: 0003 0039 00000000
[  202227.131914] /dev/input/event3: 0003 0030 00000040
[  202227.131916] /dev/input/event3: 0003 003a 00000040
[  202227.131919] /dev/input/event3: 0003 0035 00000130
[  202227.131921] /dev/input/event3: 0003 0036 0000022e
[  202227.131924] /dev/input/event3: 0000 0002 00000000
[  202227.131926] /dev/input/event3: 0000 0000 00000000
[  202227.141958] /dev/input/event3: 0003 0039 00000000
[  202227.142004] /dev/input/event3: 0003 0030 00000040
[  202227.142007] /dev/input/event3: 0003 003a 00000040
[  202227.142010] /dev/input/event3: 0003 0035 0000012e
[  202227.142012] /dev/input/event3: 0003 0036 0000022f
[  202227.142015] /dev/input/event3: 0000 0002 00000000
[  202227.142017] /dev/input/event3: 0000 0000 00000000
[  202227.152509] /dev/input/event3: 0003 0039 00000000
[  202227.152760] /dev/input/event3: 0003 0030 00000040
[  202227.152770] /dev/input/event3: 0003 003a 00000040
[  202227.152775] /dev/input/event3: 0003 0035 0000012c
[  202227.152777] /dev/input/event3: 0003 0036 00000230
[  202227.152780] /dev/input/event3: 0000 0002 00000000
[  202227.152782] /dev/input/event3: 0000 0000 00000000
[  202227.162502] /dev/input/event3: 0003 0039 00000000
[  202227.162521] /dev/input/event3: 0003 0030 00000040
[  202227.162523] /dev/input/event3: 0003 003a 00000040
[  202227.162526] /dev/input/event3: 0003 0035 0000012a
[  202227.162529] /dev/input/event3: 0003 0036 00000231
[  202227.162531] /dev/input/event3: 0000 0002 00000000
[  202227.162533] /dev/input/event3: 0000 0000 00000000
[  202227.172524] /dev/input/event3: 0003 0039 00000000
[  202227.172556] /dev/input/event3: 0003 0030 00000040
[  202227.172559] /dev/input/event3: 0003 003a 00000040
[  202227.172562] /dev/input/event3: 0003 0035 00000127
[  202227.172564] /dev/input/event3: 0003 0036 00000232
[  202227.172567] /dev/input/event3: 0000 0002 00000000
[  202227.172569] /dev/input/event3: 0000 0000 00000000
[  202227.182554] /dev/input/event3: 0003 0039 00000000
[  202227.182573] /dev/input/event3: 0003 0030 00000060
[  202227.182575] /dev/input/event3: 0003 003a 00000060
[  202227.182578] /dev/input/event3: 0003 0035 00000124
[  202227.182581] /dev/input/event3: 0003 0036 00000233
[  202227.182583] /dev/input/event3: 0000 0002 00000000
[  202227.182586] /dev/input/event3: 0000 0000 00000000
[  202227.192691] /dev/input/event3: 0003 0039 00000000
[  202227.192710] /dev/input/event3: 0003 0030 00000060
[  202227.192712] /dev/input/event3: 0003 003a 00000060
[  202227.192715] /dev/input/event3: 0003 0035 00000121
[  202227.192717] /dev/input/event3: 0003 0036 00000234
[  202227.192720] /dev/input/event3: 0000 0002 00000000
[  202227.192722] /dev/input/event3: 0000 0000 00000000
[  202227.202666] /dev/input/event3: 0003 0039 00000000
[  202227.202708] /dev/input/event3: 0003 0030 00000060
[  202227.202711] /dev/input/event3: 0003 003a 00000060
[  202227.202714] /dev/input/event3: 0003 0035 0000011f
[  202227.202716] /dev/input/event3: 0003 0036 00000235
[  202227.202719] /dev/input/event3: 0000 0002 00000000
[  202227.202721] /dev/input/event3: 0000 0000 00000000
[  202227.212709] /dev/input/event3: 0003 0039 00000000
[  202227.212747] /dev/input/event3: 0003 0030 00000060
[  202227.212749] /dev/input/event3: 0003 003a 00000060
[  202227.212752] /dev/input/event3: 0003 0035 0000011d
[  202227.212755] /dev/input/event3: 0003 0036 00000236
[  202227.212757] /dev/input/event3: 0000 0002 00000000
[  202227.212760] /dev/input/event3: 0000 0000 00000000
[  202227.222767] /dev/input/event3: 0003 0039 00000000
[  202227.222806] /dev/input/event3: 0003 0030 00000060
[  202227.222809] /dev/input/event3: 0003 003a 00000060
[  202227.222811] /dev/input/event3: 0003 0035 0000011b
[  202227.222814] /dev/input/event3: 0003 0036 00000237
[  202227.222816] /dev/input/event3: 0000 0002 00000000
[  202227.222820] /dev/input/event3: 0000 0000 00000000
[  202227.232704] /dev/input/event3: 0003 0039 00000000
[  202227.232724] /dev/input/event3: 0003 0030 00000060
[  202227.232726] /dev/input/event3: 0003 003a 00000060
[  202227.232729] /dev/input/event3: 0003 0035 00000119
[  202227.232732] /dev/input/event3: 0003 0036 00000238
[  202227.232734] /dev/input/event3: 0000 0002 00000000
[  202227.232736] /dev/input/event3: 0000 0000 00000000
[  202227.242757] /dev/input/event3: 0003 0039 00000000
[  202227.242778] /dev/input/event3: 0003 0030 00000060
[  202227.242780] /dev/input/event3: 0003 003a 00000060
[  202227.242783] /dev/input/event3: 0003 0035 00000117
[  202227.242786] /dev/input/event3: 0003 0036 00000239
[  202227.242788] /dev/input/event3: 0000 0002 00000000
[  202227.242790] /dev/input/event3: 0000 0000 00000000
[  202227.252876] /dev/input/event3: 0003 0039 00000000
[  202227.252909] /dev/input/event3: 0003 0030 00000060
[  202227.252913] /dev/input/event3: 0003 003a 00000060
[  202227.252915] /dev/input/event3: 0003 0035 00000115
[  202227.252918] /dev/input/event3: 0003 0036 00000239
[  202227.252920] /dev/input/event3: 0000 0002 00000000
[  202227.252923] /dev/input/event3: 0000 0000 00000000
[  202227.262802] /dev/input/event3: 0003 0039 00000000
[  202227.262822] /dev/input/event3: 0003 0030 00000060
[  202227.262824] /dev/input/event3: 0003 003a 00000060
[  202227.262827] /dev/input/event3: 0003 0035 00000113
[  202227.262829] /dev/input/event3: 0003 0036 0000023a
[  202227.262832] /dev/input/event3: 0000 0002 00000000
[  202227.262834] /dev/input/event3: 0000 0000 00000000
[  202227.272858] /dev/input/event3: 0003 0039 00000000
[  202227.272892] /dev/input/event3: 0003 0030 00000060
[  202227.272895] /dev/input/event3: 0003 003a 00000060
[  202227.272897] /dev/input/event3: 0003 0035 00000112
[  202227.272900] /dev/input/event3: 0003 0036 0000023b
[  202227.272902] /dev/input/event3: 0000 0002 00000000
[  202227.272905] /dev/input/event3: 0000 0000 00000000
[  202227.282876] /dev/input/event3: 0003 0039 00000000
[  202227.282897] /dev/input/event3: 0003 0030 00000040
[  202227.282899] /dev/input/event3: 0003 003a 00000040
[  202227.282902] /dev/input/event3: 0003 0035 00000110
[  202227.282905] /dev/input/event3: 0003 0036 0000023c
[  202227.282907] /dev/input/event3: 0000 0002 00000000
[  202227.282910] /dev/input/event3: 0000 0000 00000000
[  202227.292913] /dev/input/event3: 0003 0039 00000000
[  202227.292931] /dev/input/event3: 0003 0030 00000040
[  202227.292934] /dev/input/event3: 0003 003a 00000040
[  202227.292937] /dev/input/event3: 0003 0035 0000010f
[  202227.292939] /dev/input/event3: 0003 0036 0000023d
[  202227.292942] /dev/input/event3: 0000 0002 00000000
[  202227.292944] /dev/input/event3: 0000 0000 00000000
[  202227.302954] /dev/input/event3: 0003 0039 00000000
[  202227.302980] /dev/input/event3: 0003 0030 00000040
[  202227.302982] /dev/input/event3: 0003 003a 00000040
[  202227.302985] /dev/input/event3: 0003 0035 0000010e
[  202227.302988] /dev/input/event3: 0003 0036 0000023e
[  202227.302990] /dev/input/event3: 0000 0002 00000000
[  202227.302993] /dev/input/event3: 0000 0000 00000000
[  202227.312973] /dev/input/event3: 0003 0039 00000000
[  202227.312992] /dev/input/event3: 0003 0030 00000040
[  202227.312994] /dev/input/event3: 0003 003a 00000040
[  202227.312997] /dev/input/event3: 0003 0035 0000010d
[  202227.312999] /dev/input/event3: 0003 0036 0000023e
[  202227.313002] /dev/input/event3: 0000 0002 00000000
[  202227.313004] /dev/input/event3: 0000 0000 00000000
[  202227.323090] /dev/input/event3: 0003 0039 00000000
[  202227.323132] /dev/input/event3: 0003 0030 00000040
[  202227.323136] /dev/input/event3: 0003 003a 00000040
[  202227.323138] /dev/input/event3: 0003 0035 0000010c
[  202227.323141] /dev/input/event3: 0003 0036 0000023f
[  202227.323143] /dev/input/event3: 0000 0002 00000000
[  202227.323146] /dev/input/event3: 0000 0000 00000000
[  202227.333025] /dev/input/event3: 0003 0039 00000000
[  202227.333043] /dev/input/event3: 0003 0030 00000040
[  202227.333045] /dev/input/event3: 0003 003a 00000040
[  202227.333048] /dev/input/event3: 0003 0035 0000010a
[  202227.333050] /dev/input/event3: 0003 0036 00000240
[  202227.333053] /dev/input/event3: 0000 0002 00000000
[  202227.333055] /dev/input/event3: 0000 0000 00000000
[  202227.343602] /dev/input/event3: 0003 0039 00000000
[  202227.343624] /dev/input/event3: 0003 0030 00000040
[  202227.343627] /dev/input/event3: 0003 003a 00000040
[  202227.343629] /dev/input/event3: 0003 0035 00000109
[  202227.343632] /dev/input/event3: 0003 0036 00000241
[  202227.343634] /dev/input/event3: 0000 0002 00000000
[  202227.343637] /dev/input/event3: 0000 0000 00000000
[  202227.353631] /dev/input/event3: 0003 0039 00000000
[  202227.353658] /dev/input/event3: 0003 0030 00000060
[  202227.353661] /dev/input/event3: 0003 003a 00000060
[  202227.353664] /dev/input/event3: 0003 0035 00000108
[  202227.353666] /dev/input/event3: 0003 0036 00000242
[  202227.353669] /dev/input/event3: 0000 0002 00000000
[  202227.353671] /dev/input/event3: 0000 0000 00000000
[  202227.363654] /dev/input/event3: 0003 0039 00000000
[  202227.363672] /dev/input/event3: 0003 0030 00000040
[  202227.363675] /dev/input/event3: 0003 003a 00000040
[  202227.363678] /dev/input/event3: 0003 0035 00000107
[  202227.363680] /dev/input/event3: 0003 0036 00000243
[  202227.363683] /dev/input/event3: 0000 0002 00000000
[  202227.363685] /dev/input/event3: 0000 0000 00000000
[  202227.373779] /dev/input/event3: 0003 0039 00000000
[  202227.373813] /dev/input/event3: 0003 0030 00000080
[  202227.373816] /dev/input/event3: 0003 003a 00000080
[  202227.373818] /dev/input/event3: 0003 0035 00000106
[  202227.373821] /dev/input/event3: 0003 0036 00000244
[  202227.373823] /dev/input/event3: 0000 0002 00000000
[  202227.373826] /dev/input/event3: 0000 0000 00000000
[  202227.385778] /dev/input/event3: 0003 0039 00000000
[  202227.385810] /dev/input/event3: 0003 0030 00000080
[  202227.385812] /dev/input/event3: 0003 003a 00000080
[  202227.385815] /dev/input/event3: 0003 0035 00000105
[  202227.385817] /dev/input/event3: 0003 0036 00000245
[  202227.385820] /dev/input/event3: 0000 0002 00000000
[  202227.385822] /dev/input/event3: 0000 0000 00000000
[  202227.393709] /dev/input/event3: 0003 0039 00000000
[  202227.393728] /dev/input/event3: 0003 0030 00000080
[  202227.393731] /dev/input/event3: 0003 003a 00000080
[  202227.393733] /dev/input/event3: 0003 0035 00000104
[  202227.393736] /dev/input/event3: 0003 0036 00000246
[  202227.393738] /dev/input/event3: 0000 0002 00000000
[  202227.393741] /dev/input/event3: 0000 0000 00000000
[  202227.403748] /dev/input/event3: 0003 0039 00000000
[  202227.403768] /dev/input/event3: 0003 0030 00000080
[  202227.403770] /dev/input/event3: 0003 003a 00000080
[  202227.403773] /dev/input/event3: 0003 0035 00000104
[  202227.403775] /dev/input/event3: 0003 0036 00000247
[  202227.403778] /dev/input/event3: 0000 0002 00000000
[  202227.403781] /dev/input/event3: 0000 0000 00000000
[  202227.413787] /dev/input/event3: 0003 0039 00000000
[  202227.413808] /dev/input/event3: 0003 0030 00000080
[  202227.413811] /dev/input/event3: 0003 003a 00000080
[  202227.413814] /dev/input/event3: 0003 0035 00000103
[  202227.413817] /dev/input/event3: 0003 0036 00000248
[  202227.413819] /dev/input/event3: 0000 0002 00000000
[  202227.413822] /dev/input/event3: 0000 0000 00000000
[  202227.423898] /dev/input/event3: 0003 0039 00000000
[  202227.423935] /dev/input/event3: 0003 0030 00000080
[  202227.423939] /dev/input/event3: 0003 003a 00000080
[  202227.423942] /dev/input/event3: 0003 0035 00000102
[  202227.423944] /dev/input/event3: 0003 0036 00000249
[  202227.423947] /dev/input/event3: 0000 0002 00000000
[  202227.423950] /dev/input/event3: 0000 0000 00000000
[  202227.433875] /dev/input/event3: 0003 0039 00000000
[  202227.433907] /dev/input/event3: 0003 0030 00000080
[  202227.433910] /dev/input/event3: 0003 003a 00000080
[  202227.433913] /dev/input/event3: 0003 0035 00000101
[  202227.433915] /dev/input/event3: 0003 0036 0000024a
[  202227.433918] /dev/input/event3: 0000 0002 00000000
[  202227.433920] /dev/input/event3: 0000 0000 00000000
[  202227.443908] /dev/input/event3: 0003 0039 00000000
[  202227.443929] /dev/input/event3: 0003 0030 00000080
[  202227.443932] /dev/input/event3: 0003 003a 00000080
[  202227.443934] /dev/input/event3: 0003 0035 00000100
[  202227.443937] /dev/input/event3: 0003 0036 0000024a
[  202227.443939] /dev/input/event3: 0000 0002 00000000
[  202227.443942] /dev/input/event3: 0000 0000 00000000
[  202227.453943] /dev/input/event3: 0003 0039 00000000
[  202227.453973] /dev/input/event3: 0003 0030 00000080
[  202227.453975] /dev/input/event3: 0003 003a 00000080
[  202227.453978] /dev/input/event3: 0003 0035 00000100
[  202227.453980] /dev/input/event3: 0003 0036 0000024b
[  202227.453983] /dev/input/event3: 0000 0002 00000000
[  202227.453986] /dev/input/event3: 0000 0000 00000000
[  202227.463979] /dev/input/event3: 0003 0039 00000000
[  202227.463999] /dev/input/event3: 0003 0030 00000080
[  202227.464002] /dev/input/event3: 0003 003a 00000080
[  202227.464005] /dev/input/event3: 0003 0035 000000ff
[  202227.464007] /dev/input/event3: 0003 0036 0000024c
[  202227.464010] /dev/input/event3: 0000 0002 00000000
[  202227.464012] /dev/input/event3: 0000 0000 00000000
[  202227.474083] /dev/input/event3: 0003 0039 00000000
[  202227.474120] /dev/input/event3: 0003 0030 00000080
[  202227.474124] /dev/input/event3: 0003 003a 00000080
[  202227.474127] /dev/input/event3: 0003 0035 000000fe
[  202227.474130] /dev/input/event3: 0003 0036 0000024c
[  202227.474132] /dev/input/event3: 0000 0002 00000000
[  202227.474134] /dev/input/event3: 0000 0000 00000000
[  202227.484088] /dev/input/event3: 0003 0039 00000000
[  202227.484120] /dev/input/event3: 0003 0030 00000080
[  202227.484123] /dev/input/event3: 0003 003a 00000080
[  202227.484125] /dev/input/event3: 0003 0035 000000fd
[  202227.484128] /dev/input/event3: 0003 0036 0000024d
[  202227.484130] /dev/input/event3: 0000 0002 00000000
[  202227.484133] /dev/input/event3: 0000 0000 00000000
[  202227.494079] /dev/input/event3: 0003 0039 00000000
[  202227.494097] /dev/input/event3: 0003 0030 00000080
[  202227.494099] /dev/input/event3: 0003 003a 00000080
[  202227.494102] /dev/input/event3: 0003 0035 000000fc
[  202227.494104] /dev/input/event3: 0003 0036 0000024e
[  202227.494107] /dev/input/event3: 0000 0002 00000000
[  202227.494109] /dev/input/event3: 0000 0000 00000000
[  202227.514190] /dev/input/event3: 0003 0039 00000000
[  202227.514213] /dev/input/event3: 0003 0030 00000080
[  202227.514215] /dev/input/event3: 0003 003a 00000080
[  202227.514218] /dev/input/event3: 0003 0035 000000fb
[  202227.514220] /dev/input/event3: 0003 0036 0000024e
[  202227.514223] /dev/input/event3: 0000 0002 00000000
[  202227.514225] /dev/input/event3: 0000 0000 00000000
[  202227.524234] /dev/input/event3: 0003 0039 00000000
[  202227.524267] /dev/input/event3: 0003 0030 00000080
[  202227.524269] /dev/input/event3: 0003 003a 00000080
[  202227.524272] /dev/input/event3: 0003 0035 000000fb
[  202227.524274] /dev/input/event3: 0003 0036 0000024f
[  202227.524277] /dev/input/event3: 0000 0002 00000000
[  202227.524280] /dev/input/event3: 0000 0000 00000000
[  202227.534282] /dev/input/event3: 0003 0039 00000000
[  202227.534319] /dev/input/event3: 0003 0030 00000080
[  202227.534321] /dev/input/event3: 0003 003a 00000080
[  202227.534324] /dev/input/event3: 0003 0035 000000fa
[  202227.534326] /dev/input/event3: 0003 0036 0000024f
[  202227.534329] /dev/input/event3: 0000 0002 00000000
[  202227.534331] /dev/input/event3: 0000 0000 00000000
[  202227.544789] /dev/input/event3: 0003 0039 00000000
[  202227.544807] /dev/input/event3: 0003 0030 00000080
[  202227.544809] /dev/input/event3: 0003 003a 00000080
[  202227.544812] /dev/input/event3: 0003 0035 000000f9
[  202227.544814] /dev/input/event3: 0003 0036 00000250
[  202227.544817] /dev/input/event3: 0000 0002 00000000
[  202227.544819] /dev/input/event3: 0000 0000 00000000
[  202227.564848] /dev/input/event3: 0003 0039 00000000
[  202227.564869] /dev/input/event3: 0003 0030 00000080
[  202227.564872] /dev/input/event3: 0003 003a 00000080
[  202227.564875] /dev/input/event3: 0003 0035 000000f8
[  202227.564877] /dev/input/event3: 0003 0036 00000251
[  202227.564880] /dev/input/event3: 0000 0002 00000000
[  202227.564882] /dev/input/event3: 0000 0000 00000000
[  202227.584979] /dev/input/event3: 0003 0039 00000000
[  202227.585026] /dev/input/event3: 0003 0030 00000080
[  202227.585029] /dev/input/event3: 0003 003a 00000080
[  202227.585032] /dev/input/event3: 0003 0035 000000f7
[  202227.585034] /dev/input/event3: 0003 0036 00000251
[  202227.585037] /dev/input/event3: 0000 0002 00000000
[  202227.585040] /dev/input/event3: 0000 0000 00000000
[  202227.594945] /dev/input/event3: 0003 0039 00000000
[  202227.594967] /dev/input/event3: 0003 0030 00000080
[  202227.594970] /dev/input/event3: 0003 003a 00000080
[  202227.594973] /dev/input/event3: 0003 0035 000000f6
[  202227.594976] /dev/input/event3: 0003 0036 00000252
[  202227.594978] /dev/input/event3: 0000 0002 00000000
[  202227.594980] /dev/input/event3: 0000 0000 00000000
[  202227.615017] /dev/input/event3: 0003 0039 00000000
[  202227.615037] /dev/input/event3: 0003 0030 00000080
[  202227.615040] /dev/input/event3: 0003 003a 00000080
[  202227.615043] /dev/input/event3: 0003 0035 000000f5
[  202227.615045] /dev/input/event3: 0003 0036 00000252
[  202227.615048] /dev/input/event3: 0000 0002 00000000
[  202227.615050] /dev/input/event3: 0000 0000 00000000
[  202227.625059] /dev/input/event3: 0003 0039 00000000
[  202227.625083] /dev/input/event3: 0003 0030 00000080
[  202227.625086] /dev/input/event3: 0003 003a 00000080
[  202227.625089] /dev/input/event3: 0003 0035 000000f5
[  202227.625091] /dev/input/event3: 0003 0036 00000253
[  202227.625094] /dev/input/event3: 0000 0002 00000000
[  202227.625096] /dev/input/event3: 0000 0000 00000000
[  202227.635121] /dev/input/event3: 0003 0039 00000000
[  202227.635159] /dev/input/event3: 0003 0030 00000080
[  202227.635162] /dev/input/event3: 0003 003a 00000080
[  202227.635165] /dev/input/event3: 0003 0035 000000f4
[  202227.635167] /dev/input/event3: 0003 0036 00000253
[  202227.635170] /dev/input/event3: 0000 0002 00000000
[  202227.635173] /dev/input/event3: 0000 0000 00000000
[  202227.655222] /dev/input/event3: 0003 0039 00000000
[  202227.655261] /dev/input/event3: 0003 0030 00000080
[  202227.655264] /dev/input/event3: 0003 003a 00000080
[  202227.655267] /dev/input/event3: 0003 0035 000000f3
[  202227.655270] /dev/input/event3: 0003 0036 00000254
[  202227.655272] /dev/input/event3: 0000 0002 00000000
[  202227.655274] /dev/input/event3: 0000 0000 00000000
[  202227.665198] /dev/input/event3: 0003 0039 00000000
[  202227.665216] /dev/input/event3: 0003 0030 00000080
[  202227.665219] /dev/input/event3: 0003 003a 00000080
[  202227.665222] /dev/input/event3: 0003 0035 000000f2
[  202227.665224] /dev/input/event3: 0003 0036 00000254
[  202227.665227] /dev/input/event3: 0000 0002 00000000
[  202227.665229] /dev/input/event3: 0000 0000 00000000
[  202227.675241] /dev/input/event3: 0003 0039 00000000
[  202227.675261] /dev/input/event3: 0003 0030 00000080
[  202227.675264] /dev/input/event3: 0003 003a 00000080
[  202227.675266] /dev/input/event3: 0003 0035 000000f1
[  202227.675269] /dev/input/event3: 0003 0036 00000254
[  202227.675271] /dev/input/event3: 0000 0002 00000000
[  202227.675274] /dev/input/event3: 0000 0000 00000000
[  202227.685319] /dev/input/event3: 0003 0039 00000000
[  202227.685356] /dev/input/event3: 0003 0030 00000060
[  202227.685360] /dev/input/event3: 0003 003a 00000060
[  202227.685362] /dev/input/event3: 0003 0035 000000f1
[  202227.685365] /dev/input/event3: 0003 0036 00000255
[  202227.685367] /dev/input/event3: 0000 0002 00000000
[  202227.685371] /dev/input/event3: 0000 0000 00000000
[  202227.695322] /dev/input/event3: 0003 0039 00000000
[  202227.695340] /dev/input/event3: 0003 0030 00000060
[  202227.695342] /dev/input/event3: 0003 003a 00000060
[  202227.695345] /dev/input/event3: 0003 0035 000000ef
[  202227.695347] /dev/input/event3: 0003 0036 00000255
[  202227.695350] /dev/input/event3: 0000 0002 00000000
[  202227.695352] /dev/input/event3: 0000 0000 00000000
[  202227.705404] /dev/input/event3: 0003 0039 00000000
[  202227.705444] /dev/input/event3: 0003 0030 00000040
[  202227.705447] /dev/input/event3: 0003 003a 00000040
[  202227.705449] /dev/input/event3: 0003 0035 000000ed
[  202227.705452] /dev/input/event3: 0003 0036 00000256
[  202227.705454] /dev/input/event3: 0000 0002 00000000
[  202227.705457] /dev/input/event3: 0000 0000 00000000
[  202227.734282] /dev/input/event3: 0000 0002 00000000
[  202227.734321] /dev/input/event3: 0000 0000 00000000
