add device 1: /dev/input/event1
  name:     "gpio-keys"
add device 2: /dev/input/event2
  name:     "tegra-kbc"
add device 3: /dev/input/event3
  name:     "atmel-maxtouch"
add device 4: /dev/input/event0
  name:     "lid_input"
[    3568.916007] /dev/input/event3: 0003 0039 00000000
[    3568.916069] /dev/input/event3: 0003 0030 00000040
[    3568.916082] /dev/input/event3: 0003 003a 00000040
[    3568.916097] /dev/input/event3: 0003 0035 0000022c
[    3568.916112] /dev/input/event3: 0003 0036 0000020a
[    3568.916126] /dev/input/event3: 0000 0002 00000000
[    3568.916138] /dev/input/event3: 0000 0000 00000000
[    3569.008785] /dev/input/event3: 0003 0039 00000000
[    3569.008828] /dev/input/event3: 0003 0030 00000060
[    3569.008835] /dev/input/event3: 0003 003a 00000060
[    3569.008840] /dev/input/event3: 0003 0035 00000216
[    3569.008845] /dev/input/event3: 0003 0036 00000204
[    3569.008850] /dev/input/event3: 0000 0002 00000000
[    3569.008855] /dev/input/event3: 0000 0000 00000000
[    3569.020296] /dev/input/event3: 0003 0039 00000000
[    3569.020322] /dev/input/event3: 0003 0030 00000080
[    3569.020327] /dev/input/event3: 0003 003a 00000080
[    3569.020332] /dev/input/event3: 0003 0035 0000020e
[    3569.020337] /dev/input/event3: 0003 0036 000001fe
[    3569.020342] /dev/input/event3: 0000 0002 00000000
[    3569.020346] /dev/input/event3: 0000 0000 00000000
[    3569.031913] /dev/input/event3: 0003 0039 00000000
[    3569.031950] /dev/input/event3: 0003 0030 00000080
[    3569.031954] /dev/input/event3: 0003 003a 00000080
[    3569.031959] /dev/input/event3: 0003 0035 00000203
[    3569.031964] /dev/input/event3: 0003 0036 000001f4
[    3569.031970] /dev/input/event3: 0000 0002 00000000
[    3569.031974] /dev/input/event3: 0000 0000 00000000
[    3569.043510] /dev/input/event3: 0003 0039 00000000
[    3569.043551] /dev/input/event3: 0003 0030 00000060
[    3569.043556] /dev/input/event3: 0003 003a 00000060
[    3569.043562] /dev/input/event3: 0003 0035 000001f9
[    3569.043567] /dev/input/event3: 0003 0036 000001ed
[    3569.043572] /dev/input/event3: 0000 0002 00000000
[    3569.043577] /dev/input/event3: 0000 0000 00000000
[    3569.054985] /dev/input/event3: 0003 0039 00000000
[    3569.055015] /dev/input/event3: 0003 0030 00000040
[    3569.055020] /dev/input/event3: 0003 003a 00000040
[    3569.055025] /dev/input/event3: 0003 0035 000001ee
[    3569.055030] /dev/input/event3: 0003 0036 000001e7
[    3569.055035] /dev/input/event3: 0000 0002 00000000
[    3569.055039] /dev/input/event3: 0000 0000 00000000
[    3569.066619] /dev/input/event3: 0003 0039 00000000
[    3569.066657] /dev/input/event3: 0003 0030 00000060
[    3569.066662] /dev/input/event3: 0003 003a 00000060
[    3569.066667] /dev/input/event3: 0003 0035 000001e6
[    3569.066672] /dev/input/event3: 0003 0036 000001e2
[    3569.066677] /dev/input/event3: 0000 0002 00000000
[    3569.066682] /dev/input/event3: 0000 0000 00000000
[    3569.078252] /dev/input/event3: 0003 0039 00000000
[    3569.078300] /dev/input/event3: 0003 0030 00000060
[    3569.078305] /dev/input/event3: 0003 003a 00000060
[    3569.078310] /dev/input/event3: 0003 0035 000001df
[    3569.078315] /dev/input/event3: 0003 0036 000001dc
[    3569.078320] /dev/input/event3: 0000 0002 00000000
[    3569.078325] /dev/input/event3: 0000 0000 00000000
[    3569.089728] /dev/input/event3: 0003 0039 00000000
[    3569.089763] /dev/input/event3: 0003 0030 00000040
[    3569.089768] /dev/input/event3: 0003 003a 00000040
[    3569.089774] /dev/input/event3: 0003 0035 000001d9
[    3569.089779] /dev/input/event3: 0003 0036 000001d4
[    3569.089784] /dev/input/event3: 0000 0002 00000000
[    3569.089788] /dev/input/event3: 0000 0000 00000000
[    3569.101304] /dev/input/event3: 0003 0039 00000000
[    3569.101331] /dev/input/event3: 0003 0030 00000060
[    3569.101336] /dev/input/event3: 0003 003a 00000060
[    3569.101341] /dev/input/event3: 0003 0035 000001d4
[    3569.101346] /dev/input/event3: 0003 0036 000001cb
[    3569.101351] /dev/input/event3: 0000 0002 00000000
[    3569.101356] /dev/input/event3: 0000 0000 00000000
[    3569.112856] /dev/input/event3: 0003 0039 00000000
[    3569.112880] /dev/input/event3: 0003 0030 00000040
[    3569.112885] /dev/input/event3: 0003 003a 00000040
[    3569.112890] /dev/input/event3: 0003 0035 000001cf
[    3569.112896] /dev/input/event3: 0003 0036 000001c3
[    3569.112901] /dev/input/event3: 0000 0002 00000000
[    3569.112905] /dev/input/event3: 0000 0000 00000000
[    3569.124423] /dev/input/event3: 0003 0039 00000000
[    3569.124461] /dev/input/event3: 0003 0030 00000060
[    3569.124465] /dev/input/event3: 0003 003a 00000060
[    3569.124471] /dev/input/event3: 0003 0035 000001c8
[    3569.124476] /dev/input/event3: 0003 0036 000001bb
[    3569.124481] /dev/input/event3: 0000 0002 00000000
[    3569.124485] /dev/input/event3: 0000 0000 00000000
[    3569.135991] /dev/input/event3: 0003 0039 00000000
[    3569.136022] /dev/input/event3: 0003 0030 00000080
[    3569.136027] /dev/input/event3: 0003 003a 00000080
[    3569.136032] /dev/input/event3: 0003 0035 000001bf
[    3569.136037] /dev/input/event3: 0003 0036 000001b1
[    3569.136043] /dev/input/event3: 0000 0002 00000000
[    3569.136047] /dev/input/event3: 0000 0000 00000000
[    3569.147572] /dev/input/event3: 0003 0039 00000000
[    3569.147599] /dev/input/event3: 0003 0030 00000080
[    3569.147604] /dev/input/event3: 0003 003a 00000080
[    3569.147609] /dev/input/event3: 0003 0035 000001b4
[    3569.147614] /dev/input/event3: 0003 0036 000001a4
[    3569.147619] /dev/input/event3: 0000 0002 00000000
[    3569.147624] /dev/input/event3: 0000 0000 00000000
[    3569.159808] /dev/input/event3: 0003 0039 00000000
[    3569.159860] /dev/input/event3: 0003 0030 00000060
[    3569.159865] /dev/input/event3: 0003 003a 00000060
[    3569.159871] /dev/input/event3: 0003 0035 000001ac
[    3569.159876] /dev/input/event3: 0003 0036 00000199
[    3569.159881] /dev/input/event3: 0000 0002 00000000
[    3569.159886] /dev/input/event3: 0000 0000 00000000
[    3569.173510] /dev/input/event3: 0003 0039 00000000
[    3569.173541] /dev/input/event3: 0003 0030 00000060
[    3569.173546] /dev/input/event3: 0003 003a 00000060
[    3569.173552] /dev/input/event3: 0003 0035 000001a5
[    3569.173557] /dev/input/event3: 0003 0036 00000190
[    3569.173562] /dev/input/event3: 0000 0002 00000000
[    3569.173567] /dev/input/event3: 0000 0000 00000000
[    3569.182755] /dev/input/event3: 0003 0039 00000000
[    3569.182776] /dev/input/event3: 0003 0030 00000060
[    3569.182778] /dev/input/event3: 0003 003a 00000060
[    3569.182781] /dev/input/event3: 0003 0035 000001a1
[    3569.182784] /dev/input/event3: 0003 0036 0000018a
[    3569.182787] /dev/input/event3: 0000 0002 00000000
[    3569.182789] /dev/input/event3: 0000 0000 00000000
[    3569.194361] /dev/input/event3: 0003 0039 00000000
[    3569.194397] /dev/input/event3: 0003 0030 00000080
[    3569.194400] /dev/input/event3: 0003 003a 00000080
[    3569.194403] /dev/input/event3: 0003 0035 0000019c
[    3569.194405] /dev/input/event3: 0003 0036 00000181
[    3569.194408] /dev/input/event3: 0000 0002 00000000
[    3569.194410] /dev/input/event3: 0000 0000 00000000
[    3569.205916] /dev/input/event3: 0003 0039 00000000
[    3569.205937] /dev/input/event3: 0003 0030 00000080
[    3569.205940] /dev/input/event3: 0003 003a 00000080
[    3569.205943] /dev/input/event3: 0003 0035 00000198
[    3569.205945] /dev/input/event3: 0003 0036 00000176
[    3569.205947] /dev/input/event3: 0000 0002 00000000
[    3569.205950] /dev/input/event3: 0000 0000 00000000
[    3569.217471] /dev/input/event3: 0003 0039 00000000
[    3569.217493] /dev/input/event3: 0003 0030 00000040
[    3569.217496] /dev/input/event3: 0003 003a 00000040
[    3569.217499] /dev/input/event3: 0003 0035 00000192
[    3569.217501] /dev/input/event3: 0003 0036 0000016e
[    3569.217504] /dev/input/event3: 0000 0002 00000000
[    3569.217506] /dev/input/event3: 0000 0000 00000000
[    3569.229051] /dev/input/event3: 0003 0039 00000000
[    3569.229068] /dev/input/event3: 0003 0030 00000040
[    3569.229071] /dev/input/event3: 0003 003a 00000040
[    3569.229073] /dev/input/event3: 0003 0035 0000018b
[    3569.229076] /dev/input/event3: 0003 0036 00000167
[    3569.229078] /dev/input/event3: 0000 0002 00000000
[    3569.229080] /dev/input/event3: 0000 0000 00000000
[    3569.240622] /dev/input/event3: 0003 0039 00000000
[    3569.240644] /dev/input/event3: 0003 0030 00000060
[    3569.240646] /dev/input/event3: 0003 003a 00000060
[    3569.240649] /dev/input/event3: 0003 0035 00000184
[    3569.240652] /dev/input/event3: 0003 0036 00000160
[    3569.240654] /dev/input/event3: 0000 0002 00000000
[    3569.240657] /dev/input/event3: 0000 0000 00000000
[    3569.252214] /dev/input/event3: 0003 0039 00000000
[    3569.252237] /dev/input/event3: 0003 0030 00000080
[    3569.252240] /dev/input/event3: 0003 003a 00000080
[    3569.252242] /dev/input/event3: 0003 0035 0000017f
[    3569.252245] /dev/input/event3: 0003 0036 0000015c
[    3569.252247] /dev/input/event3: 0000 0002 00000000
[    3569.252249] /dev/input/event3: 0000 0000 00000000
[    3569.263768] /dev/input/event3: 0003 0039 00000000
[    3569.263790] /dev/input/event3: 0003 0030 00000080
[    3569.263792] /dev/input/event3: 0003 003a 00000080
[    3569.263795] /dev/input/event3: 0003 0035 0000017b
[    3569.263797] /dev/input/event3: 0003 0036 00000156
[    3569.263800] /dev/input/event3: 0000 0002 00000000
[    3569.263802] /dev/input/event3: 0000 0000 00000000
[    3569.275394] /dev/input/event3: 0003 0039 00000000
[    3569.275429] /dev/input/event3: 0003 0030 00000060
[    3569.275432] /dev/input/event3: 0003 003a 00000060
[    3569.275434] /dev/input/event3: 0003 0035 00000178
[    3569.275437] /dev/input/event3: 0003 0036 0000014f
[    3569.275439] /dev/input/event3: 0000 0002 00000000
[    3569.275441] /dev/input/event3: 0000 0000 00000000
[    3569.286929] /dev/input/event3: 0003 0039 00000000
[    3569.286949] /dev/input/event3: 0003 0030 00000060
[    3569.286951] /dev/input/event3: 0003 003a 00000060
[    3569.286954] /dev/input/event3: 0003 0035 00000175
[    3569.286956] /dev/input/event3: 0003 0036 0000014a
[    3569.286959] /dev/input/event3: 0000 0002 00000000
[    3569.286961] /dev/input/event3: 0000 0000 00000000
[    3569.298515] /dev/input/event3: 0003 0039 00000000
[    3569.298536] /dev/input/event3: 0003 0030 00000060
[    3569.298539] /dev/input/event3: 0003 003a 00000060
[    3569.298542] /dev/input/event3: 0003 0035 00000172
[    3569.298544] /dev/input/event3: 0003 0036 00000145
[    3569.298547] /dev/input/event3: 0000 0002 00000000
[    3569.298550] /dev/input/event3: 0000 0000 00000000
[    3569.310165] /dev/input/event3: 0003 0039 00000000
[    3569.310202] /dev/input/event3: 0003 0030 00000080
[    3569.310205] /dev/input/event3: 0003 003a 00000080
[    3569.310207] /dev/input/event3: 0003 0035 0000016f
[    3569.310210] /dev/input/event3: 0003 0036 0000013f
[    3569.310213] /dev/input/event3: 0000 0002 00000000
[    3569.310215] /dev/input/event3: 0000 0000 00000000
[    3569.321734] /dev/input/event3: 0003 0039 00000000
[    3569.321771] /dev/input/event3: 0003 0030 00000060
[    3569.321773] /dev/input/event3: 0003 003a 00000060
[    3569.321776] /dev/input/event3: 0003 0035 0000016d
[    3569.321778] /dev/input/event3: 0003 0036 0000013b
[    3569.321781] /dev/input/event3: 0000 0002 00000000
[    3569.321783] /dev/input/event3: 0000 0000 00000000
[    3569.333232] /dev/input/event3: 0003 0039 00000000
[    3569.333260] /dev/input/event3: 0003 0030 00000060
[    3569.333263] /dev/input/event3: 0003 003a 00000060
[    3569.333265] /dev/input/event3: 0003 0035 0000016c
[    3569.333268] /dev/input/event3: 0003 0036 00000136
[    3569.333270] /dev/input/event3: 0000 0002 00000000
[    3569.333273] /dev/input/event3: 0000 0000 00000000
[    3569.344866] /dev/input/event3: 0003 0039 00000000
[    3569.344898] /dev/input/event3: 0003 0030 00000060
[    3569.344900] /dev/input/event3: 0003 003a 00000060
[    3569.344903] /dev/input/event3: 0003 0035 0000016a
[    3569.344905] /dev/input/event3: 0003 0036 00000131
[    3569.344908] /dev/input/event3: 0000 0002 00000000
[    3569.344910] /dev/input/event3: 0000 0000 00000000
[    3569.356982] /dev/input/event3: 0003 0039 00000000
[    3569.357015] /dev/input/event3: 0003 0030 00000080
[    3569.357017] /dev/input/event3: 0003 003a 00000080
[    3569.357020] /dev/input/event3: 0003 0035 00000167
[    3569.357022] /dev/input/event3: 0003 0036 0000012a
[    3569.357025] /dev/input/event3: 0000 0002 00000000
[    3569.357027] /dev/input/event3: 0000 0000 00000000
[    3569.368593] /dev/input/event3: 0003 0039 00000000
[    3569.368611] /dev/input/event3: 0003 0030 00000060
[    3569.368614] /dev/input/event3: 0003 003a 00000060
[    3569.368616] /dev/input/event3: 0003 0035 00000166
[    3569.368619] /dev/input/event3: 0003 0036 00000123
[    3569.368621] /dev/input/event3: 0000 0002 00000000
[    3569.368623] /dev/input/event3: 0000 0000 00000000
[    3569.380071] /dev/input/event3: 0003 0039 00000000
[    3569.380089] /dev/input/event3: 0003 0030 00000060
[    3569.380092] /dev/input/event3: 0003 003a 00000060
[    3569.380094] /dev/input/event3: 0003 0035 00000164
[    3569.380097] /dev/input/event3: 0003 0036 0000011d
[    3569.380099] /dev/input/event3: 0000 0002 00000000
[    3569.380102] /dev/input/event3: 0000 0000 00000000
[    3569.391709] /dev/input/event3: 0003 0039 00000000
[    3569.391746] /dev/input/event3: 0003 0030 00000040
[    3569.391749] /dev/input/event3: 0003 003a 00000040
[    3569.391752] /dev/input/event3: 0003 0035 00000163
[    3569.391754] /dev/input/event3: 0003 0036 00000117
[    3569.391757] /dev/input/event3: 0000 0002 00000000
[    3569.391760] /dev/input/event3: 0000 0000 00000000
[    3569.403220] /dev/input/event3: 0003 0039 00000000
[    3569.403237] /dev/input/event3: 0003 0030 00000060
[    3569.403239] /dev/input/event3: 0003 003a 00000060
[    3569.403242] /dev/input/event3: 0003 0035 00000161
[    3569.403244] /dev/input/event3: 0003 0036 00000112
[    3569.403247] /dev/input/event3: 0000 0002 00000000
[    3569.403249] /dev/input/event3: 0000 0000 00000000
[    3569.414905] /dev/input/event3: 0003 0039 00000000
[    3569.414943] /dev/input/event3: 0003 0030 00000060
[    3569.414946] /dev/input/event3: 0003 003a 00000060
[    3569.414948] /dev/input/event3: 0003 0035 00000160
[    3569.414951] /dev/input/event3: 0003 0036 0000010e
[    3569.414953] /dev/input/event3: 0000 0002 00000000
[    3569.414956] /dev/input/event3: 0000 0000 00000000
[    3569.426456] /dev/input/event3: 0003 0039 00000000
[    3569.426497] /dev/input/event3: 0003 0030 00000060
[    3569.426500] /dev/input/event3: 0003 003a 00000060
[    3569.426503] /dev/input/event3: 0003 0035 0000015e
[    3569.426505] /dev/input/event3: 0003 0036 0000010a
[    3569.426508] /dev/input/event3: 0000 0002 00000000
[    3569.426510] /dev/input/event3: 0000 0000 00000000
[    3569.437976] /dev/input/event3: 0003 0039 00000000
[    3569.438005] /dev/input/event3: 0003 0030 00000080
[    3569.438008] /dev/input/event3: 0003 003a 00000080
[    3569.438011] /dev/input/event3: 0003 0035 0000015d
[    3569.438013] /dev/input/event3: 0003 0036 00000105
[    3569.438015] /dev/input/event3: 0000 0002 00000000
[    3569.438018] /dev/input/event3: 0000 0000 00000000
[    3569.449532] /dev/input/event3: 0003 0039 00000000
[    3569.449555] /dev/input/event3: 0003 0030 00000080
[    3569.449558] /dev/input/event3: 0003 003a 00000080
[    3569.449560] /dev/input/event3: 0003 0035 0000015b
[    3569.449563] /dev/input/event3: 0003 0036 00000100
[    3569.449565] /dev/input/event3: 0000 0002 00000000
[    3569.449567] /dev/input/event3: 0000 0000 00000000
[    3569.461116] /dev/input/event3: 0003 0039 00000000
[    3569.461148] /dev/input/event3: 0003 0030 00000080
[    3569.461150] /dev/input/event3: 0003 003a 00000080
[    3569.461153] /dev/input/event3: 0003 0035 00000159
[    3569.461155] /dev/input/event3: 0003 0036 000000fb
[    3569.461158] /dev/input/event3: 0000 0002 00000000
[    3569.461160] /dev/input/event3: 0000 0000 00000000
[    3569.472714] /dev/input/event3: 0003 0039 00000000
[    3569.472752] /dev/input/event3: 0003 0030 00000080
[    3569.472755] /dev/input/event3: 0003 003a 00000080
[    3569.472757] /dev/input/event3: 0003 0035 00000157
[    3569.472760] /dev/input/event3: 0003 0036 000000f7
[    3569.472762] /dev/input/event3: 0000 0002 00000000
[    3569.472765] /dev/input/event3: 0000 0000 00000000
[    3569.484269] /dev/input/event3: 0003 0039 00000000
[    3569.484291] /dev/input/event3: 0003 0030 00000080
[    3569.484293] /dev/input/event3: 0003 003a 00000080
[    3569.484296] /dev/input/event3: 0003 0035 00000156
[    3569.484299] /dev/input/event3: 0003 0036 000000f2
[    3569.484301] /dev/input/event3: 0000 0002 00000000
[    3569.484303] /dev/input/event3: 0000 0000 00000000
[    3569.495817] /dev/input/event3: 0003 0039 00000000
[    3569.495834] /dev/input/event3: 0003 0030 00000060
[    3569.495837] /dev/input/event3: 0003 003a 00000060
[    3569.495840] /dev/input/event3: 0003 0035 00000154
[    3569.495842] /dev/input/event3: 0003 0036 000000ee
[    3569.495845] /dev/input/event3: 0000 0002 00000000
[    3569.495847] /dev/input/event3: 0000 0000 00000000
[    3569.507465] /dev/input/event3: 0003 0039 00000000
[    3569.507504] /dev/input/event3: 0003 0030 00000060
[    3569.507507] /dev/input/event3: 0003 003a 00000060
[    3569.507509] /dev/input/event3: 0003 0035 00000153
[    3569.507512] /dev/input/event3: 0003 0036 000000eb
[    3569.507514] /dev/input/event3: 0000 0002 00000000
[    3569.507518] /dev/input/event3: 0000 0000 00000000
[    3569.519015] /dev/input/event3: 0003 0039 00000000
[    3569.519033] /dev/input/event3: 0003 0030 00000060
[    3569.519035] /dev/input/event3: 0003 003a 00000060
[    3569.519038] /dev/input/event3: 0003 0035 00000151
[    3569.519040] /dev/input/event3: 0003 0036 000000e9
[    3569.519043] /dev/input/event3: 0000 0002 00000000
[    3569.519045] /dev/input/event3: 0000 0000 00000000
[    3569.530565] /dev/input/event3: 0003 0039 00000000
[    3569.530591] /dev/input/event3: 0003 0030 00000040
[    3569.530593] /dev/input/event3: 0003 003a 00000040
[    3569.530596] /dev/input/event3: 0003 0035 00000150
[    3569.530598] /dev/input/event3: 0003 0036 000000e6
[    3569.530601] /dev/input/event3: 0000 0002 00000000
[    3569.530603] /dev/input/event3: 0000 0000 00000000
[    3569.542092] /dev/input/event3: 0003 0039 00000000
[    3569.542111] /dev/input/event3: 0003 0030 00000040
[    3569.542114] /dev/input/event3: 0003 003a 00000040
[    3569.542116] /dev/input/event3: 0003 0035 0000014e
[    3569.542119] /dev/input/event3: 0003 0036 000000e5
[    3569.542121] /dev/input/event3: 0000 0002 00000000
[    3569.542123] /dev/input/event3: 0000 0000 00000000
[    3569.554255] /dev/input/event3: 0003 0039 00000000
[    3569.554287] /dev/input/event3: 0003 0030 00000040
[    3569.554290] /dev/input/event3: 0003 003a 00000040
[    3569.554293] /dev/input/event3: 0003 0035 0000014e
[    3569.554295] /dev/input/event3: 0003 0036 000000e3
[    3569.554298] /dev/input/event3: 0000 0002 00000000
[    3569.554300] /dev/input/event3: 0000 0000 00000000
[    3569.565766] /dev/input/event3: 0003 0039 00000000
[    3569.565785] /dev/input/event3: 0003 0030 00000040
[    3569.565787] /dev/input/event3: 0003 003a 00000040
[    3569.565790] /dev/input/event3: 0003 0035 0000014d
[    3569.565792] /dev/input/event3: 0003 0036 000000e1
[    3569.565795] /dev/input/event3: 0000 0002 00000000
[    3569.565797] /dev/input/event3: 0000 0000 00000000
[    3569.577367] /dev/input/event3: 0003 0039 00000000
[    3569.577403] /dev/input/event3: 0003 0030 00000080
[    3569.577406] /dev/input/event3: 0003 003a 00000080
[    3569.577408] /dev/input/event3: 0003 0035 0000014c
[    3569.577411] /dev/input/event3: 0003 0036 000000e0
[    3569.577413] /dev/input/event3: 0000 0002 00000000
[    3569.577416] /dev/input/event3: 0000 0000 00000000
[    3569.588920] /dev/input/event3: 0003 0039 00000000
[    3569.588953] /dev/input/event3: 0003 0030 00000080
[    3569.588956] /dev/input/event3: 0003 003a 00000080
[    3569.588958] /dev/input/event3: 0003 0035 0000014b
[    3569.588961] /dev/input/event3: 0003 0036 000000df
[    3569.588963] /dev/input/event3: 0000 0002 00000000
[    3569.588966] /dev/input/event3: 0000 0000 00000000
[    3569.600507] /dev/input/event3: 0003 0039 00000000
[    3569.600525] /dev/input/event3: 0003 0030 00000080
[    3569.600528] /dev/input/event3: 0003 003a 00000080
[    3569.600530] /dev/input/event3: 0003 0035 0000014b
[    3569.600533] /dev/input/event3: 0003 0036 000000de
[    3569.600535] /dev/input/event3: 0000 0002 00000000
[    3569.600538] /dev/input/event3: 0000 0000 00000000
[    3569.612084] /dev/input/event3: 0003 0039 00000000
[    3569.612104] /dev/input/event3: 0003 0030 00000080
[    3569.612106] /dev/input/event3: 0003 003a 00000080
[    3569.612109] /dev/input/event3: 0003 0035 0000014a
[    3569.612111] /dev/input/event3: 0003 0036 000000dd
[    3569.612114] /dev/input/event3: 0000 0002 00000000
[    3569.612116] /dev/input/event3: 0000 0000 00000000
[    3569.623673] /dev/input/event3: 0003 0039 00000000
[    3569.623706] /dev/input/event3: 0003 0030 00000080
[    3569.623709] /dev/input/event3: 0003 003a 00000080
[    3569.623712] /dev/input/event3: 0003 0035 0000014a
[    3569.623714] /dev/input/event3: 0003 0036 000000dc
[    3569.623717] /dev/input/event3: 0000 0002 00000000
[    3569.623720] /dev/input/event3: 0000 0000 00000000
[    3569.635252] /dev/input/event3: 0003 0039 00000000
[    3569.635270] /dev/input/event3: 0003 0030 00000080
[    3569.635272] /dev/input/event3: 0003 003a 00000080
[    3569.635275] /dev/input/event3: 0003 0035 00000149
[    3569.635277] /dev/input/event3: 0003 0036 000000db
[    3569.635280] /dev/input/event3: 0000 0002 00000000
[    3569.635282] /dev/input/event3: 0000 0000 00000000
[    3569.658444] /dev/input/event3: 0003 0039 00000000
[    3569.658486] /dev/input/event3: 0003 0030 00000080
[    3569.658489] /dev/input/event3: 0003 003a 00000080
[    3569.658492] /dev/input/event3: 0003 0035 00000149
[    3569.658495] /dev/input/event3: 0003 0036 000000da
[    3569.658497] /dev/input/event3: 0000 0002 00000000
[    3569.658500] /dev/input/event3: 0000 0000 00000000
[    3569.681581] /dev/input/event3: 0003 0039 00000000
[    3569.681600] /dev/input/event3: 0003 0030 00000080
[    3569.681602] /dev/input/event3: 0003 003a 00000080
[    3569.681605] /dev/input/event3: 0003 0035 00000148
[    3569.681607] /dev/input/event3: 0003 0036 000000d9
[    3569.681610] /dev/input/event3: 0000 0002 00000000
[    3569.681612] /dev/input/event3: 0000 0000 00000000
[    3569.693136] /dev/input/event3: 0003 0039 00000000
[    3569.693157] /dev/input/event3: 0003 0030 00000080
[    3569.693160] /dev/input/event3: 0003 003a 00000080
[    3569.693163] /dev/input/event3: 0003 0035 00000148
[    3569.693165] /dev/input/event3: 0003 0036 000000d8
[    3569.693168] /dev/input/event3: 0000 0002 00000000
[    3569.693170] /dev/input/event3: 0000 0000 00000000
[    3569.727941] /dev/input/event3: 0003 0039 00000000
[    3569.727985] /dev/input/event3: 0003 0030 00000080
[    3569.727988] /dev/input/event3: 0003 003a 00000080
[    3569.727991] /dev/input/event3: 0003 0035 00000148
[    3569.727993] /dev/input/event3: 0003 0036 000000d7
[    3569.727996] /dev/input/event3: 0000 0002 00000000
[    3569.727999] /dev/input/event3: 0000 0000 00000000
[    3569.751527] /dev/input/event3: 0003 0039 00000000
[    3569.751544] /dev/input/event3: 0003 0030 00000080
[    3569.751547] /dev/input/event3: 0003 003a 00000080
[    3569.751549] /dev/input/event3: 0003 0035 00000147
[    3569.751552] /dev/input/event3: 0003 0036 000000d7
[    3569.751554] /dev/input/event3: 0000 0002 00000000
[    3569.751556] /dev/input/event3: 0000 0000 00000000
[    3569.763156] /dev/input/event3: 0003 0039 00000000
[    3569.763190] /dev/input/event3: 0003 0030 00000080
[    3569.763193] /dev/input/event3: 0003 003a 00000080
[    3569.763196] /dev/input/event3: 0003 0035 00000147
[    3569.763199] /dev/input/event3: 0003 0036 000000d6
[    3569.763201] /dev/input/event3: 0000 0002 00000000
[    3569.763204] /dev/input/event3: 0000 0000 00000000
[    3569.831289] /dev/input/event3: 0000 0002 00000000
[    3569.831306] /dev/input/event3: 0000 0000 00000000
[    3590.005201] /dev/input/event3: 0003 0039 00000000
[    3590.005240] /dev/input/event3: 0003 0030 00000080
[    3590.005249] /dev/input/event3: 0003 003a 00000080
[    3590.005257] /dev/input/event3: 0003 0035 0000024a
[    3590.005266] /dev/input/event3: 0003 0036 000002a8
[    3590.005274] /dev/input/event3: 0000 0002 00000000
[    3590.005281] /dev/input/event3: 0000 0000 00000000
[    3590.213821] /dev/input/event3: 0003 0039 00000000
[    3590.213855] /dev/input/event3: 0003 0030 00000060
[    3590.213861] /dev/input/event3: 0003 003a 00000060
[    3590.213868] /dev/input/event3: 0003 0035 0000023a
[    3590.213875] /dev/input/event3: 0003 0036 00000293
[    3590.213881] /dev/input/event3: 0000 0002 00000000
[    3590.213886] /dev/input/event3: 0000 0000 00000000
[    3590.225580] /dev/input/event3: 0003 0039 00000000
[    3590.225611] /dev/input/event3: 0003 0030 00000060
[    3590.225618] /dev/input/event3: 0003 003a 00000060
[    3590.225625] /dev/input/event3: 0003 0035 00000238
[    3590.225631] /dev/input/event3: 0003 0036 00000290
[    3590.225638] /dev/input/event3: 0000 0002 00000000
[    3590.225644] /dev/input/event3: 0000 0000 00000000
[    3590.236968] /dev/input/event3: 0003 0039 00000000
[    3590.236998] /dev/input/event3: 0003 0030 00000080
[    3590.237004] /dev/input/event3: 0003 003a 00000080
[    3590.237011] /dev/input/event3: 0003 0035 00000235
[    3590.237018] /dev/input/event3: 0003 0036 0000028b
[    3590.237024] /dev/input/event3: 0000 0002 00000000
[    3590.237030] /dev/input/event3: 0000 0000 00000000
[    3590.251208] /dev/input/event3: 0003 0039 00000000
[    3590.251236] /dev/input/event3: 0003 0030 00000080
[    3590.251242] /dev/input/event3: 0003 003a 00000080
[    3590.251247] /dev/input/event3: 0003 0035 00000231
[    3590.251252] /dev/input/event3: 0003 0036 00000285
[    3590.251258] /dev/input/event3: 0000 0002 00000000
[    3590.251262] /dev/input/event3: 0000 0000 00000000
[    3590.260230] /dev/input/event3: 0003 0039 00000000
[    3590.260255] /dev/input/event3: 0003 0030 00000080
[    3590.260258] /dev/input/event3: 0003 003a 00000080
[    3590.260262] /dev/input/event3: 0003 0035 0000022c
[    3590.260266] /dev/input/event3: 0003 0036 0000027d
[    3590.260270] /dev/input/event3: 0000 0002 00000000
[    3590.260273] /dev/input/event3: 0000 0000 00000000
[    3590.271670] /dev/input/event3: 0003 0039 00000000
[    3590.271688] /dev/input/event3: 0003 0030 00000060
[    3590.271691] /dev/input/event3: 0003 003a 00000060
[    3590.271693] /dev/input/event3: 0003 0035 00000227
[    3590.271696] /dev/input/event3: 0003 0036 00000276
[    3590.271698] /dev/input/event3: 0000 0002 00000000
[    3590.271700] /dev/input/event3: 0000 0000 00000000
[    3590.283289] /dev/input/event3: 0003 0039 00000000
[    3590.283328] /dev/input/event3: 0003 0030 00000040
[    3590.283331] /dev/input/event3: 0003 003a 00000040
[    3590.283334] /dev/input/event3: 0003 0035 00000223
[    3590.283336] /dev/input/event3: 0003 0036 00000270
[    3590.283339] /dev/input/event3: 0000 0002 00000000
[    3590.283341] /dev/input/event3: 0000 0000 00000000
[    3590.294715] /dev/input/event3: 0003 0039 00000000
[    3590.294745] /dev/input/event3: 0003 0030 00000040
[    3590.294747] /dev/input/event3: 0003 003a 00000040
[    3590.294750] /dev/input/event3: 0003 0035 0000021e
[    3590.294753] /dev/input/event3: 0003 0036 0000026a
[    3590.294755] /dev/input/event3: 0000 0002 00000000
[    3590.294758] /dev/input/event3: 0000 0000 00000000
[    3590.306383] /dev/input/event3: 0003 0039 00000000
[    3590.306401] /dev/input/event3: 0003 0030 00000080
[    3590.306403] /dev/input/event3: 0003 003a 00000080
[    3590.306406] /dev/input/event3: 0003 0035 0000021c
[    3590.306408] /dev/input/event3: 0003 0036 00000266
[    3590.306411] /dev/input/event3: 0000 0002 00000000
[    3590.306413] /dev/input/event3: 0000 0000 00000000
[    3590.317927] /dev/input/event3: 0003 0039 00000000
[    3590.317963] /dev/input/event3: 0003 0030 00000080
[    3590.317966] /dev/input/event3: 0003 003a 00000080
[    3590.317969] /dev/input/event3: 0003 0035 0000021a
[    3590.317972] /dev/input/event3: 0003 0036 00000262
[    3590.317974] /dev/input/event3: 0000 0002 00000000
[    3590.317977] /dev/input/event3: 0000 0000 00000000
[    3590.329445] /dev/input/event3: 0003 0039 00000000
[    3590.329491] /dev/input/event3: 0003 0030 00000080
[    3590.329494] /dev/input/event3: 0003 003a 00000080
[    3590.329498] /dev/input/event3: 0003 0035 00000217
[    3590.329500] /dev/input/event3: 0003 0036 0000025c
[    3590.329503] /dev/input/event3: 0000 0002 00000000
[    3590.329507] /dev/input/event3: 0000 0000 00000000
[    3590.340968] /dev/input/event3: 0003 0039 00000000
[    3590.340986] /dev/input/event3: 0003 0030 00000060
[    3590.340989] /dev/input/event3: 0003 003a 00000060
[    3590.340992] /dev/input/event3: 0003 0035 00000214
[    3590.340994] /dev/input/event3: 0003 0036 00000255
[    3590.340997] /dev/input/event3: 0000 0002 00000000
[    3590.340999] /dev/input/event3: 0000 0000 00000000
[    3590.352606] /dev/input/event3: 0003 0039 00000000
[    3590.352629] /dev/input/event3: 0003 0030 00000060
[    3590.352631] /dev/input/event3: 0003 003a 00000060
[    3590.352634] /dev/input/event3: 0003 0035 00000211
[    3590.352637] /dev/input/event3: 0003 0036 0000024d
[    3590.352639] /dev/input/event3: 0000 0002 00000000
[    3590.352641] /dev/input/event3: 0000 0000 00000000
[    3590.364140] /dev/input/event3: 0003 0039 00000000
[    3590.364165] /dev/input/event3: 0003 0030 00000060
[    3590.364169] /dev/input/event3: 0003 003a 00000060
[    3590.364171] /dev/input/event3: 0003 0035 0000020f
[    3590.364174] /dev/input/event3: 0003 0036 00000248
[    3590.364176] /dev/input/event3: 0000 0002 00000000
[    3590.364179] /dev/input/event3: 0000 0000 00000000
[    3590.375692] /dev/input/event3: 0003 0039 00000000
[    3590.375713] /dev/input/event3: 0003 0030 00000040
[    3590.375715] /dev/input/event3: 0003 003a 00000040
[    3590.375718] /dev/input/event3: 0003 0035 0000020d
[    3590.375720] /dev/input/event3: 0003 0036 00000244
[    3590.375723] /dev/input/event3: 0000 0002 00000000
[    3590.375725] /dev/input/event3: 0000 0000 00000000
[    3590.387272] /dev/input/event3: 0003 0039 00000000
[    3590.387295] /dev/input/event3: 0003 0030 00000060
[    3590.387298] /dev/input/event3: 0003 003a 00000060
[    3590.387301] /dev/input/event3: 0003 0035 0000020b
[    3590.387303] /dev/input/event3: 0003 0036 00000240
[    3590.387306] /dev/input/event3: 0000 0002 00000000
[    3590.387308] /dev/input/event3: 0000 0000 00000000
[    3590.399456] /dev/input/event3: 0003 0039 00000000
[    3590.399496] /dev/input/event3: 0003 0030 00000060
[    3590.399499] /dev/input/event3: 0003 003a 00000060
[    3590.399502] /dev/input/event3: 0003 0035 00000209
[    3590.399505] /dev/input/event3: 0003 0036 0000023b
[    3590.399507] /dev/input/event3: 0000 0002 00000000
[    3590.399510] /dev/input/event3: 0000 0000 00000000
[    3590.411038] /dev/input/event3: 0003 0039 00000000
[    3590.411072] /dev/input/event3: 0003 0030 00000060
[    3590.411075] /dev/input/event3: 0003 003a 00000060
[    3590.411078] /dev/input/event3: 0003 0035 00000207
[    3590.411080] /dev/input/event3: 0003 0036 00000238
[    3590.411082] /dev/input/event3: 0000 0002 00000000
[    3590.411085] /dev/input/event3: 0000 0000 00000000
[    3590.422552] /dev/input/event3: 0003 0039 00000000
[    3590.422569] /dev/input/event3: 0003 0030 00000060
[    3590.422571] /dev/input/event3: 0003 003a 00000060
[    3590.422574] /dev/input/event3: 0003 0035 00000205
[    3590.422576] /dev/input/event3: 0003 0036 00000233
[    3590.422579] /dev/input/event3: 0000 0002 00000000
[    3590.422581] /dev/input/event3: 0000 0000 00000000
[    3590.434194] /dev/input/event3: 0003 0039 00000000
[    3590.434233] /dev/input/event3: 0003 0030 00000080
[    3590.434236] /dev/input/event3: 0003 003a 00000080
[    3590.434238] /dev/input/event3: 0003 0035 00000202
[    3590.434241] /dev/input/event3: 0003 0036 0000022c
[    3590.434532] /dev/input/event3: 0000 0002 00000000
[    3590.434543] /dev/input/event3: 0000 0000 00000000
[    3590.445733] /dev/input/event3: 0003 0039 00000000
[    3590.445772] /dev/input/event3: 0003 0030 00000060
[    3590.445776] /dev/input/event3: 0003 003a 00000060
[    3590.445778] /dev/input/event3: 0003 0035 00000200
[    3590.445781] /dev/input/event3: 0003 0036 00000226
[    3590.445783] /dev/input/event3: 0000 0002 00000000
[    3590.445785] /dev/input/event3: 0000 0000 00000000
[    3590.457282] /dev/input/event3: 0003 0039 00000000
[    3590.457300] /dev/input/event3: 0003 0030 00000060
[    3590.457302] /dev/input/event3: 0003 003a 00000060
[    3590.457305] /dev/input/event3: 0003 0035 000001fe
[    3590.457308] /dev/input/event3: 0003 0036 00000220
[    3590.457310] /dev/input/event3: 0000 0002 00000000
[    3590.457312] /dev/input/event3: 0000 0000 00000000
[    3590.469096] /dev/input/event3: 0003 0039 00000000
[    3590.469118] /dev/input/event3: 0003 0030 00000040
[    3590.469121] /dev/input/event3: 0003 003a 00000040
[    3590.469124] /dev/input/event3: 0003 0035 000001fc
[    3590.469126] /dev/input/event3: 0003 0036 0000021c
[    3590.469129] /dev/input/event3: 0000 0002 00000000
[    3590.469131] /dev/input/event3: 0000 0000 00000000
[    3590.480444] /dev/input/event3: 0003 0039 00000000
[    3590.480476] /dev/input/event3: 0003 0030 00000040
[    3590.480480] /dev/input/event3: 0003 003a 00000040
[    3590.480482] /dev/input/event3: 0003 0035 000001f8
[    3590.480485] /dev/input/event3: 0003 0036 00000217
[    3590.480488] /dev/input/event3: 0000 0002 00000000
[    3590.480490] /dev/input/event3: 0000 0000 00000000
[    3590.491935] /dev/input/event3: 0003 0039 00000000
[    3590.491955] /dev/input/event3: 0003 0030 00000040
[    3590.491958] /dev/input/event3: 0003 003a 00000040
[    3590.491960] /dev/input/event3: 0003 0035 000001f4
[    3590.491963] /dev/input/event3: 0003 0036 00000213
[    3590.491966] /dev/input/event3: 0000 0002 00000000
[    3590.491968] /dev/input/event3: 0000 0000 00000000
[    3590.503532] /dev/input/event3: 0003 0039 00000000
[    3590.503555] /dev/input/event3: 0003 0030 00000080
[    3590.503557] /dev/input/event3: 0003 003a 00000080
[    3590.503560] /dev/input/event3: 0003 0035 000001ef
[    3590.503563] /dev/input/event3: 0003 0036 0000020f
[    3590.503565] /dev/input/event3: 0000 0002 00000000
[    3590.503568] /dev/input/event3: 0000 0000 00000000
[    3590.515177] /dev/input/event3: 0003 0039 00000000
[    3590.515216] /dev/input/event3: 0003 0030 00000080
[    3590.515220] /dev/input/event3: 0003 003a 00000080
[    3590.515223] /dev/input/event3: 0003 0035 000001eb
[    3590.515225] /dev/input/event3: 0003 0036 0000020b
[    3590.515228] /dev/input/event3: 0000 0002 00000000
[    3590.515231] /dev/input/event3: 0000 0000 00000000
[    3590.526664] /dev/input/event3: 0003 0039 00000000
[    3590.526684] /dev/input/event3: 0003 0030 00000080
[    3590.526687] /dev/input/event3: 0003 003a 00000080
[    3590.526690] /dev/input/event3: 0003 0035 000001e7
[    3590.526693] /dev/input/event3: 0003 0036 00000207
[    3590.526695] /dev/input/event3: 0000 0002 00000000
[    3590.526698] /dev/input/event3: 0000 0000 00000000
[    3590.538273] /dev/input/event3: 0003 0039 00000000
[    3590.538303] /dev/input/event3: 0003 0030 00000080
[    3590.538306] /dev/input/event3: 0003 003a 00000080
[    3590.538309] /dev/input/event3: 0003 0035 000001e3
[    3590.538311] /dev/input/event3: 0003 0036 00000202
[    3590.538314] /dev/input/event3: 0000 0002 00000000
[    3590.538317] /dev/input/event3: 0000 0000 00000000
[    3590.549867] /dev/input/event3: 0003 0039 00000000
[    3590.549902] /dev/input/event3: 0003 0030 00000060
[    3590.549905] /dev/input/event3: 0003 003a 00000060
[    3590.549908] /dev/input/event3: 0003 0035 000001df
[    3590.549929] /dev/input/event3: 0003 0036 000001fd
[    3590.549932] /dev/input/event3: 0000 0002 00000000
[    3590.549935] /dev/input/event3: 0000 0000 00000000
[    3590.561418] /dev/input/event3: 0003 0039 00000000
[    3590.561641] /dev/input/event3: 0003 0030 00000060
[    3590.561651] /dev/input/event3: 0003 003a 00000060
[    3590.561655] /dev/input/event3: 0003 0035 000001dc
[    3590.561658] /dev/input/event3: 0003 0036 000001f8
[    3590.561660] /dev/input/event3: 0000 0002 00000000
[    3590.561663] /dev/input/event3: 0000 0000 00000000
[    3590.572964] /dev/input/event3: 0003 0039 00000000
[    3590.572984] /dev/input/event3: 0003 0030 00000040
[    3590.572987] /dev/input/event3: 0003 003a 00000040
[    3590.572990] /dev/input/event3: 0003 0035 000001d9
[    3590.572992] /dev/input/event3: 0003 0036 000001f4
[    3590.572995] /dev/input/event3: 0000 0002 00000000
[    3590.572997] /dev/input/event3: 0000 0000 00000000
[    3590.584555] /dev/input/event3: 0003 0039 00000000
[    3590.584577] /dev/input/event3: 0003 0030 00000060
[    3590.584580] /dev/input/event3: 0003 003a 00000060
[    3590.584583] /dev/input/event3: 0003 0035 000001d5
[    3590.584585] /dev/input/event3: 0003 0036 000001f0
[    3590.584588] /dev/input/event3: 0000 0002 00000000
[    3590.584590] /dev/input/event3: 0000 0000 00000000
[    3590.596258] /dev/input/event3: 0003 0039 00000000
[    3590.596318] /dev/input/event3: 0003 0030 00000060
[    3590.596323] /dev/input/event3: 0003 003a 00000060
[    3590.596327] /dev/input/event3: 0003 0035 000001d2
[    3590.596329] /dev/input/event3: 0003 0036 000001ec
[    3590.596332] /dev/input/event3: 0000 0002 00000000
[    3590.596339] /dev/input/event3: 0000 0000 00000000
[    3590.608204] /dev/input/event3: 0003 0039 00000000
[    3590.608227] /dev/input/event3: 0003 0030 00000040
[    3590.608230] /dev/input/event3: 0003 003a 00000040
[    3590.608232] /dev/input/event3: 0003 0035 000001cf
[    3590.608235] /dev/input/event3: 0003 0036 000001ea
[    3590.608238] /dev/input/event3: 0000 0002 00000000
[    3590.608240] /dev/input/event3: 0000 0000 00000000
[    3590.619746] /dev/input/event3: 0003 0039 00000000
[    3590.619768] /dev/input/event3: 0003 0030 00000060
[    3590.619771] /dev/input/event3: 0003 003a 00000060
[    3590.619774] /dev/input/event3: 0003 0035 000001cb
[    3590.619776] /dev/input/event3: 0003 0036 000001e6
[    3590.619779] /dev/input/event3: 0000 0002 00000000
[    3590.619781] /dev/input/event3: 0000 0000 00000000
[    3590.631330] /dev/input/event3: 0003 0039 00000000
[    3590.631357] /dev/input/event3: 0003 0030 00000060
[    3590.631360] /dev/input/event3: 0003 003a 00000060
[    3590.631363] /dev/input/event3: 0003 0035 000001c7
[    3590.631366] /dev/input/event3: 0003 0036 000001e4
[    3590.631369] /dev/input/event3: 0000 0002 00000000
[    3590.631371] /dev/input/event3: 0000 0000 00000000
[    3590.643061] /dev/input/event3: 0003 0039 00000000
[    3590.643127] /dev/input/event3: 0003 0030 00000080
[    3590.643130] /dev/input/event3: 0003 003a 00000080
[    3590.643133] /dev/input/event3: 0003 0035 000001c2
[    3590.643136] /dev/input/event3: 0003 0036 000001e1
[    3590.643138] /dev/input/event3: 0000 0002 00000000
[    3590.643142] /dev/input/event3: 0000 0000 00000000
[    3590.654543] /dev/input/event3: 0003 0039 00000000
[    3590.654569] /dev/input/event3: 0003 0030 00000080
[    3590.654572] /dev/input/event3: 0003 003a 00000080
[    3590.654575] /dev/input/event3: 0003 0035 000001bc
[    3590.654578] /dev/input/event3: 0003 0036 000001de
[    3590.654580] /dev/input/event3: 0000 0002 00000000
[    3590.654583] /dev/input/event3: 0000 0000 00000000
[    3590.666083] /dev/input/event3: 0003 0039 00000000
[    3590.666124] /dev/input/event3: 0003 0030 00000080
[    3590.666132] /dev/input/event3: 0003 003a 00000080
[    3590.666135] /dev/input/event3: 0003 0035 000001b6
[    3590.666138] /dev/input/event3: 0003 0036 000001db
[    3590.666141] /dev/input/event3: 0000 0002 00000000
[    3590.666146] /dev/input/event3: 0000 0000 00000000
[    3590.677919] /dev/input/event3: 0003 0039 00000000
[    3590.677986] /dev/input/event3: 0003 0030 00000060
[    3590.677989] /dev/input/event3: 0003 003a 00000060
[    3590.677993] /dev/input/event3: 0003 0035 000001b1
[    3590.677996] /dev/input/event3: 0003 0036 000001d8
[    3590.677998] /dev/input/event3: 0000 0002 00000000
[    3590.678001] /dev/input/event3: 0000 0000 00000000
[    3590.689149] /dev/input/event3: 0003 0039 00000000
[    3590.689172] /dev/input/event3: 0003 0030 00000040
[    3590.689178] /dev/input/event3: 0003 003a 00000040
[    3590.689181] /dev/input/event3: 0003 0035 000001ad
[    3590.689183] /dev/input/event3: 0003 0036 000001d4
[    3590.689186] /dev/input/event3: 0000 0002 00000000
[    3590.689188] /dev/input/event3: 0000 0000 00000000
[    3590.700908] /dev/input/event3: 0003 0039 00000000
[    3590.700972] /dev/input/event3: 0003 0030 00000040
[    3590.700974] /dev/input/event3: 0003 003a 00000040
[    3590.700985] /dev/input/event3: 0003 0035 000001a8
[    3590.700989] /dev/input/event3: 0003 0036 000001d0
[    3590.700992] /dev/input/event3: 0000 0002 00000000
[    3590.700996] /dev/input/event3: 0000 0000 00000000
[    3590.712381] /dev/input/event3: 0003 0039 00000000
[    3590.712439] /dev/input/event3: 0003 0030 00000060
[    3590.712444] /dev/input/event3: 0003 003a 00000060
[    3590.712448] /dev/input/event3: 0003 0035 000001a4
[    3590.712451] /dev/input/event3: 0003 0036 000001cc
[    3590.712454] /dev/input/event3: 0000 0002 00000000
[    3590.712459] /dev/input/event3: 0000 0000 00000000
[    3590.723903] /dev/input/event3: 0003 0039 00000000
[    3590.723933] /dev/input/event3: 0003 0030 00000060
[    3590.723936] /dev/input/event3: 0003 003a 00000060
[    3590.723939] /dev/input/event3: 0003 0035 000001a0
[    3590.723941] /dev/input/event3: 0003 0036 000001c8
[    3590.723944] /dev/input/event3: 0000 0002 00000000
[    3590.723946] /dev/input/event3: 0000 0000 00000000
[    3590.735681] /dev/input/event3: 0003 0039 00000000
[    3590.735761] /dev/input/event3: 0003 0030 00000080
[    3590.735767] /dev/input/event3: 0003 003a 00000080
[    3590.735770] /dev/input/event3: 0003 0035 0000019c
[    3590.735773] /dev/input/event3: 0003 0036 000001c5
[    3590.735775] /dev/input/event3: 0000 0002 00000000
[    3590.735778] /dev/input/event3: 0000 0000 00000000
[    3590.746960] /dev/input/event3: 0003 0039 00000000
[    3590.746983] /dev/input/event3: 0003 0030 00000080
[    3590.746986] /dev/input/event3: 0003 003a 00000080
[    3590.746989] /dev/input/event3: 0003 0035 00000198
[    3590.746992] /dev/input/event3: 0003 0036 000001c2
[    3590.746995] /dev/input/event3: 0000 0002 00000000
[    3590.746998] /dev/input/event3: 0000 0000 00000000
[    3590.758495] /dev/input/event3: 0003 0039 00000000
[    3590.758521] /dev/input/event3: 0003 0030 00000060
[    3590.758524] /dev/input/event3: 0003 003a 00000060
[    3590.758527] /dev/input/event3: 0003 0035 00000192
[    3590.758530] /dev/input/event3: 0003 0036 000001bf
[    3590.758532] /dev/input/event3: 0000 0002 00000000
[    3590.758535] /dev/input/event3: 0000 0000 00000000
[    3590.770254] /dev/input/event3: 0003 0039 00000000
[    3590.770315] /dev/input/event3: 0003 0030 00000060
[    3590.770318] /dev/input/event3: 0003 003a 00000060
[    3590.770320] /dev/input/event3: 0003 0035 0000018d
[    3590.770323] /dev/input/event3: 0003 0036 000001bd
[    3590.770326] /dev/input/event3: 0000 0002 00000000
[    3590.770328] /dev/input/event3: 0000 0000 00000000
[    3590.781603] /dev/input/event3: 0003 0039 00000000
[    3590.781627] /dev/input/event3: 0003 0030 00000040
[    3590.781631] /dev/input/event3: 0003 003a 00000040
[    3590.781634] /dev/input/event3: 0003 0035 00000187
[    3590.781636] /dev/input/event3: 0003 0036 000001ba
[    3590.781639] /dev/input/event3: 0000 0002 00000000
[    3590.781641] /dev/input/event3: 0000 0000 00000000
[    3590.793243] /dev/input/event3: 0003 0039 00000000
[    3590.793317] /dev/input/event3: 0003 0030 00000040
[    3590.793321] /dev/input/event3: 0003 003a 00000040
[    3590.793325] /dev/input/event3: 0003 0035 00000183
[    3590.793328] /dev/input/event3: 0003 0036 000001b8
[    3590.793330] /dev/input/event3: 0000 0002 00000000
[    3590.793337] /dev/input/event3: 0000 0000 00000000
[    3590.805303] /dev/input/event3: 0003 0039 00000000
[    3590.805338] /dev/input/event3: 0003 0030 00000060
[    3590.805341] /dev/input/event3: 0003 003a 00000060
[    3590.805343] /dev/input/event3: 0003 0035 0000017e
[    3590.805346] /dev/input/event3: 0003 0036 000001b7
[    3590.805348] /dev/input/event3: 0000 0002 00000000
[    3590.805351] /dev/input/event3: 0000 0000 00000000
[    3590.816901] /dev/input/event3: 0003 0039 00000000
[    3590.816946] /dev/input/event3: 0003 0030 00000060
[    3590.816948] /dev/input/event3: 0003 003a 00000060
[    3590.816952] /dev/input/event3: 0003 0035 0000017a
[    3590.816955] /dev/input/event3: 0003 0036 000001b4
[    3590.816957] /dev/input/event3: 0000 0002 00000000
[    3590.816960] /dev/input/event3: 0000 0000 00000000
[    3590.828510] /dev/input/event3: 0003 0039 00000000
[    3590.828589] /dev/input/event3: 0003 0030 00000060
[    3590.828592] /dev/input/event3: 0003 003a 00000060
[    3590.828595] /dev/input/event3: 0003 0035 00000177
[    3590.828598] /dev/input/event3: 0003 0036 000001b3
[    3590.828600] /dev/input/event3: 0000 0002 00000000
[    3590.828603] /dev/input/event3: 0000 0000 00000000
[    3590.840075] /dev/input/event3: 0003 0039 00000000
[    3590.840108] /dev/input/event3: 0003 0030 00000060
[    3590.840111] /dev/input/event3: 0003 003a 00000060
[    3590.840114] /dev/input/event3: 0003 0035 00000174
[    3590.840116] /dev/input/event3: 0003 0036 000001b1
[    3590.840119] /dev/input/event3: 0000 0002 00000000
[    3590.840121] /dev/input/event3: 0000 0000 00000000
[    3590.851669] /dev/input/event3: 0003 0039 00000000
[    3590.851722] /dev/input/event3: 0003 0030 00000060
[    3590.851726] /dev/input/event3: 0003 003a 00000060
[    3590.851729] /dev/input/event3: 0003 0035 00000171
[    3590.851731] /dev/input/event3: 0003 0036 000001ae
[    3590.851734] /dev/input/event3: 0000 0002 00000000
[    3590.851738] /dev/input/event3: 0000 0000 00000000
[    3590.863700] /dev/input/event3: 0003 0039 00000000
[    3590.863751] /dev/input/event3: 0003 0030 00000060
[    3590.863756] /dev/input/event3: 0003 003a 00000060
[    3590.863759] /dev/input/event3: 0003 0035 0000016e
[    3590.863761] /dev/input/event3: 0003 0036 000001ac
[    3590.863764] /dev/input/event3: 0000 0002 00000000
[    3590.863768] /dev/input/event3: 0000 0000 00000000
[    3590.874668] /dev/input/event3: 0003 0039 00000000
[    3590.874689] /dev/input/event3: 0003 0030 00000080
[    3590.874692] /dev/input/event3: 0003 003a 00000080
[    3590.874695] /dev/input/event3: 0003 0035 0000016a
[    3590.874698] /dev/input/event3: 0003 0036 000001a9
[    3590.874700] /dev/input/event3: 0000 0002 00000000
[    3590.874703] /dev/input/event3: 0000 0000 00000000
[    3590.886370] /dev/input/event3: 0003 0039 00000000
[    3590.886437] /dev/input/event3: 0003 0030 00000080
[    3590.886442] /dev/input/event3: 0003 003a 00000080
[    3590.886444] /dev/input/event3: 0003 0035 00000164
[    3590.886447] /dev/input/event3: 0003 0036 000001a4
[    3590.886450] /dev/input/event3: 0000 0002 00000000
[    3590.886453] /dev/input/event3: 0000 0000 00000000
[    3590.897860] /dev/input/event3: 0003 0039 00000000
[    3590.897901] /dev/input/event3: 0003 0030 00000080
[    3590.897904] /dev/input/event3: 0003 003a 00000080
[    3590.897907] /dev/input/event3: 0003 0035 0000015d
[    3590.897910] /dev/input/event3: 0003 0036 0000019f
[    3590.897913] /dev/input/event3: 0000 0002 00000000
[    3590.897915] /dev/input/event3: 0000 0000 00000000
[    3590.909390] /dev/input/event3: 0003 0039 00000000
[    3590.909446] /dev/input/event3: 0003 0030 00000060
[    3590.909451] /dev/input/event3: 0003 003a 00000060
[    3590.909454] /dev/input/event3: 0003 0035 00000155
[    3590.909457] /dev/input/event3: 0003 0036 0000019a
[    3590.909460] /dev/input/event3: 0000 0002 00000000
[    3590.909464] /dev/input/event3: 0000 0000 00000000
[    3590.920996] /dev/input/event3: 0003 0039 00000000
[    3590.921020] /dev/input/event3: 0003 0030 00000060
[    3590.921023] /dev/input/event3: 0003 003a 00000060
[    3590.921026] /dev/input/event3: 0003 0035 0000014f
[    3590.921028] /dev/input/event3: 0003 0036 00000196
[    3590.921031] /dev/input/event3: 0000 0002 00000000
[    3590.921033] /dev/input/event3: 0000 0000 00000000
[    3590.932689] /dev/input/event3: 0003 0039 00000000
[    3590.932748] /dev/input/event3: 0003 0030 00000060
[    3590.932751] /dev/input/event3: 0003 003a 00000060
[    3590.932754] /dev/input/event3: 0003 0035 0000014a
[    3590.932756] /dev/input/event3: 0003 0036 00000194
[    3590.932759] /dev/input/event3: 0000 0002 00000000
[    3590.932764] /dev/input/event3: 0000 0000 00000000
[    3590.944184] /dev/input/event3: 0003 0039 00000000
[    3590.944245] /dev/input/event3: 0003 0030 00000060
[    3590.944250] /dev/input/event3: 0003 003a 00000060
[    3590.944253] /dev/input/event3: 0003 0035 00000146
[    3590.944256] /dev/input/event3: 0003 0036 00000190
[    3590.944258] /dev/input/event3: 0000 0002 00000000
[    3590.944261] /dev/input/event3: 0000 0000 00000000
[    3590.955600] /dev/input/event3: 0003 0039 00000000
[    3590.955629] /dev/input/event3: 0003 0030 00000060
[    3590.955632] /dev/input/event3: 0003 003a 00000060
[    3590.955635] /dev/input/event3: 0003 0035 00000141
[    3590.955637] /dev/input/event3: 0003 0036 0000018d
[    3590.955640] /dev/input/event3: 0000 0002 00000000
[    3590.955642] /dev/input/event3: 0000 0000 00000000
[    3590.967340] /dev/input/event3: 0003 0039 00000000
[    3590.967409] /dev/input/event3: 0003 0030 00000060
[    3590.967412] /dev/input/event3: 0003 003a 00000060
[    3590.967415] /dev/input/event3: 0003 0035 0000013e
[    3590.967418] /dev/input/event3: 0003 0036 0000018b
[    3590.967421] /dev/input/event3: 0000 0002 00000000
[    3590.967425] /dev/input/event3: 0000 0000 00000000
[    3590.978753] /dev/input/event3: 0003 0039 00000000
[    3590.978777] /dev/input/event3: 0003 0030 00000060
[    3590.978780] /dev/input/event3: 0003 003a 00000060
[    3590.978783] /dev/input/event3: 0003 0035 0000013a
[    3590.978785] /dev/input/event3: 0003 0036 00000187
[    3590.978788] /dev/input/event3: 0000 0002 00000000
[    3590.978791] /dev/input/event3: 0000 0000 00000000
[    3590.990390] /dev/input/event3: 0003 0039 00000000
[    3590.990418] /dev/input/event3: 0003 0030 00000080
[    3590.990421] /dev/input/event3: 0003 003a 00000080
[    3590.990424] /dev/input/event3: 0003 0035 00000135
[    3590.990427] /dev/input/event3: 0003 0036 00000183
[    3590.990429] /dev/input/event3: 0000 0002 00000000
[    3590.990432] /dev/input/event3: 0000 0000 00000000
[    3591.002556] /dev/input/event3: 0003 0039 00000000
[    3591.002610] /dev/input/event3: 0003 0030 00000080
[    3591.002614] /dev/input/event3: 0003 003a 00000080
[    3591.002617] /dev/input/event3: 0003 0035 0000012f
[    3591.002619] /dev/input/event3: 0003 0036 0000017d
[    3591.002622] /dev/input/event3: 0000 0002 00000000
[    3591.002625] /dev/input/event3: 0000 0000 00000000
[    3591.014118] /dev/input/event3: 0003 0039 00000000
[    3591.014169] /dev/input/event3: 0003 0030 00000080
[    3591.014174] /dev/input/event3: 0003 003a 00000080
[    3591.014177] /dev/input/event3: 0003 0035 00000126
[    3591.014179] /dev/input/event3: 0003 0036 00000175
[    3591.014182] /dev/input/event3: 0000 0002 00000000
[    3591.014186] /dev/input/event3: 0000 0000 00000000
[    3591.025642] /dev/input/event3: 0003 0039 00000000
[    3591.025709] /dev/input/event3: 0003 0030 00000060
[    3591.025713] /dev/input/event3: 0003 003a 00000060
[    3591.025716] /dev/input/event3: 0003 0035 0000011f
[    3591.025718] /dev/input/event3: 0003 0036 0000016e
[    3591.025721] /dev/input/event3: 0000 0002 00000000
[    3591.025724] /dev/input/event3: 0000 0000 00000000
[    3591.037126] /dev/input/event3: 0003 0039 00000000
[    3591.037154] /dev/input/event3: 0003 0030 00000060
[    3591.037157] /dev/input/event3: 0003 003a 00000060
[    3591.037160] /dev/input/event3: 0003 0035 00000118
[    3591.037163] /dev/input/event3: 0003 0036 00000169
[    3591.037165] /dev/input/event3: 0000 0002 00000000
[    3591.037168] /dev/input/event3: 0000 0000 00000000
[    3591.048916] /dev/input/event3: 0003 0039 00000000
[    3591.048993] /dev/input/event3: 0003 0030 00000060
[    3591.048998] /dev/input/event3: 0003 003a 00000060
[    3591.049002] /dev/input/event3: 0003 0035 00000112
[    3591.049005] /dev/input/event3: 0003 0036 00000165
[    3591.049008] /dev/input/event3: 0000 0002 00000000
[    3591.049011] /dev/input/event3: 0000 0000 00000000
[    3591.060249] /dev/input/event3: 0003 0039 00000000
[    3591.060285] /dev/input/event3: 0003 0030 00000060
[    3591.060288] /dev/input/event3: 0003 003a 00000060
[    3591.060290] /dev/input/event3: 0003 0035 0000010f
[    3591.060293] /dev/input/event3: 0003 0036 00000162
[    3591.060296] /dev/input/event3: 0000 0002 00000000
[    3591.060298] /dev/input/event3: 0000 0000 00000000
[    3591.071799] /dev/input/event3: 0003 0039 00000000
[    3591.071824] /dev/input/event3: 0003 0030 00000060
[    3591.071827] /dev/input/event3: 0003 003a 00000060
[    3591.071830] /dev/input/event3: 0003 0035 0000010b
[    3591.071832] /dev/input/event3: 0003 0036 0000015e
[    3591.071835] /dev/input/event3: 0000 0002 00000000
[    3591.071837] /dev/input/event3: 0000 0000 00000000
[    3591.083587] /dev/input/event3: 0003 0039 00000000
[    3591.083651] /dev/input/event3: 0003 0030 00000060
[    3591.083657] /dev/input/event3: 0003 003a 00000060
[    3591.083660] /dev/input/event3: 0003 0035 00000107
[    3591.083663] /dev/input/event3: 0003 0036 0000015a
[    3591.083665] /dev/input/event3: 0000 0002 00000000
[    3591.083668] /dev/input/event3: 0000 0000 00000000
[    3591.094932] /dev/input/event3: 0003 0039 00000000
[    3591.094957] /dev/input/event3: 0003 0030 00000080
[    3591.094960] /dev/input/event3: 0003 003a 00000080
[    3591.094963] /dev/input/event3: 0003 0035 00000102
[    3591.094966] /dev/input/event3: 0003 0036 00000155
[    3591.094968] /dev/input/event3: 0000 0002 00000000
[    3591.094971] /dev/input/event3: 0000 0000 00000000
[    3591.106506] /dev/input/event3: 0003 0039 00000000
[    3591.106528] /dev/input/event3: 0003 0030 00000080
[    3591.106531] /dev/input/event3: 0003 003a 00000080
[    3591.106534] /dev/input/event3: 0003 0035 000000fc
[    3591.106537] /dev/input/event3: 0003 0036 0000014e
[    3591.106539] /dev/input/event3: 0000 0002 00000000
[    3591.106542] /dev/input/event3: 0000 0000 00000000
[    3591.118254] /dev/input/event3: 0003 0039 00000000
[    3591.118308] /dev/input/event3: 0003 0030 00000060
[    3591.118312] /dev/input/event3: 0003 003a 00000060
[    3591.118314] /dev/input/event3: 0003 0035 000000f3
[    3591.118317] /dev/input/event3: 0003 0036 00000146
[    3591.118320] /dev/input/event3: 0000 0002 00000000
[    3591.118323] /dev/input/event3: 0000 0000 00000000
[    3591.129632] /dev/input/event3: 0003 0039 00000000
[    3591.129656] /dev/input/event3: 0003 0030 00000060
[    3591.129659] /dev/input/event3: 0003 003a 00000060
[    3591.129663] /dev/input/event3: 0003 0035 000000eb
[    3591.129665] /dev/input/event3: 0003 0036 00000140
[    3591.129668] /dev/input/event3: 0000 0002 00000000
[    3591.129670] /dev/input/event3: 0000 0000 00000000
[    3591.141233] /dev/input/event3: 0003 0039 00000000
[    3591.141281] /dev/input/event3: 0003 0030 00000060
[    3591.141283] /dev/input/event3: 0003 003a 00000060
[    3591.141286] /dev/input/event3: 0003 0035 000000e4
[    3591.141289] /dev/input/event3: 0003 0036 0000013b
[    3591.141291] /dev/input/event3: 0000 0002 00000000
[    3591.141294] /dev/input/event3: 0000 0000 00000000
[    3591.152945] /dev/input/event3: 0003 0039 00000000
[    3591.152969] /dev/input/event3: 0003 0030 00000040
[    3591.152972] /dev/input/event3: 0003 003a 00000040
[    3591.152975] /dev/input/event3: 0003 0035 000000df
[    3591.152978] /dev/input/event3: 0003 0036 00000137
[    3591.152980] /dev/input/event3: 0000 0002 00000000
[    3591.152982] /dev/input/event3: 0000 0000 00000000
[    3591.164312] /dev/input/event3: 0003 0039 00000000
[    3591.164338] /dev/input/event3: 0003 0030 00000060
[    3591.164342] /dev/input/event3: 0003 003a 00000060
[    3591.164346] /dev/input/event3: 0003 0035 000000dd
[    3591.164349] /dev/input/event3: 0003 0036 00000134
[    3591.164352] /dev/input/event3: 0000 0002 00000000
[    3591.164355] /dev/input/event3: 0000 0000 00000000
[    3591.176037] /dev/input/event3: 0003 0039 00000000
[    3591.176097] /dev/input/event3: 0003 0030 00000060
[    3591.176100] /dev/input/event3: 0003 003a 00000060
[    3591.176103] /dev/input/event3: 0003 0035 000000d9
[    3591.176106] /dev/input/event3: 0003 0036 00000132
[    3591.176109] /dev/input/event3: 0000 0002 00000000
[    3591.176113] /dev/input/event3: 0000 0000 00000000
[    3591.187451] /dev/input/event3: 0003 0039 00000000
[    3591.187481] /dev/input/event3: 0003 0030 00000060
[    3591.187484] /dev/input/event3: 0003 003a 00000060
[    3591.187487] /dev/input/event3: 0003 0035 000000d6
[    3591.187490] /dev/input/event3: 0003 0036 0000012f
[    3591.187493] /dev/input/event3: 0000 0002 00000000
[    3591.187495] /dev/input/event3: 0000 0000 00000000
[    3591.199528] /dev/input/event3: 0003 0039 00000000
[    3591.199559] /dev/input/event3: 0003 0030 00000060
[    3591.199562] /dev/input/event3: 0003 003a 00000060
[    3591.199565] /dev/input/event3: 0003 0035 000000d4
[    3591.199568] /dev/input/event3: 0003 0036 0000012c
[    3591.199570] /dev/input/event3: 0000 0002 00000000
[    3591.199574] /dev/input/event3: 0000 0000 00000000
[    3591.211113] /dev/input/event3: 0003 0039 00000000
[    3591.211154] /dev/input/event3: 0003 0030 00000060
[    3591.211157] /dev/input/event3: 0003 003a 00000060
[    3591.211160] /dev/input/event3: 0003 0035 000000d1
[    3591.211162] /dev/input/event3: 0003 0036 00000129
[    3591.211165] /dev/input/event3: 0000 0002 00000000
[    3591.211168] /dev/input/event3: 0000 0000 00000000
[    3591.222637] /dev/input/event3: 0003 0039 00000000
[    3591.222666] /dev/input/event3: 0003 0030 00000080
[    3591.222669] /dev/input/event3: 0003 003a 00000080
[    3591.222672] /dev/input/event3: 0003 0035 000000cf
[    3591.222675] /dev/input/event3: 0003 0036 00000126
[    3591.222677] /dev/input/event3: 0000 0002 00000000
[    3591.222680] /dev/input/event3: 0000 0000 00000000
[    3591.234336] /dev/input/event3: 0003 0039 00000000
[    3591.234381] /dev/input/event3: 0003 0030 00000080
[    3591.234384] /dev/input/event3: 0003 003a 00000080
[    3591.234388] /dev/input/event3: 0003 0035 000000cc
[    3591.234391] /dev/input/event3: 0003 0036 00000122
[    3591.234393] /dev/input/event3: 0000 0002 00000000
[    3591.234396] /dev/input/event3: 0000 0000 00000000
[    3591.245786] /dev/input/event3: 0003 0039 00000000
[    3591.245818] /dev/input/event3: 0003 0030 00000080
[    3591.245821] /dev/input/event3: 0003 003a 00000080
[    3591.245824] /dev/input/event3: 0003 0035 000000c9
[    3591.245827] /dev/input/event3: 0003 0036 0000011e
[    3591.245829] /dev/input/event3: 0000 0002 00000000
[    3591.245832] /dev/input/event3: 0000 0000 00000000
[    3591.257417] /dev/input/event3: 0003 0039 00000000
[    3591.257452] /dev/input/event3: 0003 0030 00000080
[    3591.257455] /dev/input/event3: 0003 003a 00000080
[    3591.257458] /dev/input/event3: 0003 0035 000000c6
[    3591.257461] /dev/input/event3: 0003 0036 0000011c
[    3591.257464] /dev/input/event3: 0000 0002 00000000
[    3591.257468] /dev/input/event3: 0000 0000 00000000
[    3591.269075] /dev/input/event3: 0003 0039 00000000
[    3591.269102] /dev/input/event3: 0003 0030 00000080
[    3591.269105] /dev/input/event3: 0003 003a 00000080
[    3591.269108] /dev/input/event3: 0003 0035 000000c4
[    3591.269110] /dev/input/event3: 0003 0036 00000119
[    3591.269113] /dev/input/event3: 0000 0002 00000000
[    3591.269115] /dev/input/event3: 0000 0000 00000000
[    3591.280559] /dev/input/event3: 0003 0039 00000000
[    3591.280613] /dev/input/event3: 0003 0030 00000080
[    3591.280616] /dev/input/event3: 0003 003a 00000080
[    3591.280619] /dev/input/event3: 0003 0035 000000c2
[    3591.280622] /dev/input/event3: 0003 0036 00000117
[    3591.280625] /dev/input/event3: 0000 0002 00000000
[    3591.280627] /dev/input/event3: 0000 0000 00000000
[    3591.292216] /dev/input/event3: 0003 0039 00000000
[    3591.292292] /dev/input/event3: 0003 0030 00000080
[    3591.292295] /dev/input/event3: 0003 003a 00000080
[    3591.292297] /dev/input/event3: 0003 0035 000000bf
[    3591.292300] /dev/input/event3: 0003 0036 00000116
[    3591.292303] /dev/input/event3: 0000 0002 00000000
[    3591.292307] /dev/input/event3: 0000 0000 00000000
[    3591.303608] /dev/input/event3: 0003 0039 00000000
[    3591.303633] /dev/input/event3: 0003 0030 00000060
[    3591.303636] /dev/input/event3: 0003 003a 00000060
[    3591.303639] /dev/input/event3: 0003 0035 000000bd
[    3591.303641] /dev/input/event3: 0003 0036 00000114
[    3591.303644] /dev/input/event3: 0000 0002 00000000
[    3591.303646] /dev/input/event3: 0000 0000 00000000
[    3591.315357] /dev/input/event3: 0003 0039 00000000
[    3591.315427] /dev/input/event3: 0003 0030 00000060
[    3591.315432] /dev/input/event3: 0003 003a 00000060
[    3591.315435] /dev/input/event3: 0003 0035 000000bb
[    3591.315438] /dev/input/event3: 0003 0036 00000112
[    3591.315441] /dev/input/event3: 0000 0002 00000000
[    3591.315446] /dev/input/event3: 0000 0000 00000000
[    3591.326869] /dev/input/event3: 0003 0039 00000000
[    3591.326909] /dev/input/event3: 0003 0030 00000060
[    3591.326912] /dev/input/event3: 0003 003a 00000060
[    3591.326914] /dev/input/event3: 0003 0035 000000b9
[    3591.326917] /dev/input/event3: 0003 0036 00000111
[    3591.326920] /dev/input/event3: 0000 0002 00000000
[    3591.326923] /dev/input/event3: 0000 0000 00000000
[    3591.338285] /dev/input/event3: 0003 0039 00000000
[    3591.338309] /dev/input/event3: 0003 0030 00000060
[    3591.338312] /dev/input/event3: 0003 003a 00000060
[    3591.338315] /dev/input/event3: 0003 0035 000000b7
[    3591.338317] /dev/input/event3: 0003 0036 00000110
[    3591.338320] /dev/input/event3: 0000 0002 00000000
[    3591.338322] /dev/input/event3: 0000 0000 00000000
[    3591.349955] /dev/input/event3: 0003 0039 00000000
[    3591.350092] /dev/input/event3: 0003 0030 00000060
[    3591.350097] /dev/input/event3: 0003 003a 00000060
[    3591.350100] /dev/input/event3: 0003 0035 000000b6
[    3591.350103] /dev/input/event3: 0003 0036 00000110
[    3591.350106] /dev/input/event3: 0000 0002 00000000
[    3591.350109] /dev/input/event3: 0000 0000 00000000
[    3591.361448] /dev/input/event3: 0003 0039 00000000
[    3591.361476] /dev/input/event3: 0003 0030 00000060
[    3591.361479] /dev/input/event3: 0003 003a 00000060
[    3591.361482] /dev/input/event3: 0003 0035 000000b4
[    3591.361485] /dev/input/event3: 0003 0036 0000010f
[    3591.361487] /dev/input/event3: 0000 0002 00000000
[    3591.361491] /dev/input/event3: 0000 0000 00000000
[    3591.373086] /dev/input/event3: 0003 0039 00000000
[    3591.373135] /dev/input/event3: 0003 0030 00000060
[    3591.373139] /dev/input/event3: 0003 003a 00000060
[    3591.373142] /dev/input/event3: 0003 0035 000000b3
[    3591.373145] /dev/input/event3: 0003 0036 0000010e
[    3591.373147] /dev/input/event3: 0000 0002 00000000
[    3591.373150] /dev/input/event3: 0000 0000 00000000
[    3591.384867] /dev/input/event3: 0003 0039 00000000
[    3591.384896] /dev/input/event3: 0003 0030 00000060
[    3591.384899] /dev/input/event3: 0003 003a 00000060
[    3591.384902] /dev/input/event3: 0003 0035 000000b2
[    3591.384904] /dev/input/event3: 0003 0036 0000010d
[    3591.384907] /dev/input/event3: 0000 0002 00000000
[    3591.384909] /dev/input/event3: 0000 0000 00000000
[    3591.396726] /dev/input/event3: 0003 0039 00000000
[    3591.396778] /dev/input/event3: 0003 0030 00000060
[    3591.396782] /dev/input/event3: 0003 003a 00000060
[    3591.396785] /dev/input/event3: 0003 0035 000000b1
[    3591.396787] /dev/input/event3: 0003 0036 0000010d
[    3591.396790] /dev/input/event3: 0000 0002 00000000
[    3591.396793] /dev/input/event3: 0000 0000 00000000
[    3591.408304] /dev/input/event3: 0003 0039 00000000
[    3591.408352] /dev/input/event3: 0003 0030 00000060
[    3591.408357] /dev/input/event3: 0003 003a 00000060
[    3591.408360] /dev/input/event3: 0003 0035 000000b0
[    3591.408363] /dev/input/event3: 0003 0036 0000010c
[    3591.408366] /dev/input/event3: 0000 0002 00000000
[    3591.408368] /dev/input/event3: 0000 0000 00000000
[    3591.419855] /dev/input/event3: 0003 0039 00000000
[    3591.419880] /dev/input/event3: 0003 0030 00000060
[    3591.419882] /dev/input/event3: 0003 003a 00000060
[    3591.419885] /dev/input/event3: 0003 0035 000000af
[    3591.419888] /dev/input/event3: 0003 0036 0000010b
[    3591.419890] /dev/input/event3: 0000 0002 00000000
[    3591.419893] /dev/input/event3: 0000 0000 00000000
[    3591.431473] /dev/input/event3: 0003 0039 00000000
[    3591.431511] /dev/input/event3: 0003 0030 00000060
[    3591.431514] /dev/input/event3: 0003 003a 00000060
[    3591.431517] /dev/input/event3: 0003 0035 000000ae
[    3591.431520] /dev/input/event3: 0003 0036 0000010b
[    3591.431522] /dev/input/event3: 0000 0002 00000000
[    3591.431524] /dev/input/event3: 0000 0000 00000000
[    3591.443067] /dev/input/event3: 0003 0039 00000000
[    3591.443133] /dev/input/event3: 0003 0030 00000040
[    3591.443136] /dev/input/event3: 0003 003a 00000040
[    3591.443139] /dev/input/event3: 0003 0035 000000ad
[    3591.443142] /dev/input/event3: 0003 0036 0000010a
[    3591.443146] /dev/input/event3: 0000 0002 00000000
[    3591.443150] /dev/input/event3: 0000 0000 00000000
[    3591.466104] /dev/input/event3: 0003 0039 00000000
[    3591.466143] /dev/input/event3: 0003 0030 00000040
[    3591.466147] /dev/input/event3: 0003 003a 00000040
[    3591.466149] /dev/input/event3: 0003 0035 000000ac
[    3591.466152] /dev/input/event3: 0003 0036 0000010a
[    3591.466155] /dev/input/event3: 0000 0002 00000000
[    3591.466158] /dev/input/event3: 0000 0000 00000000
[    3591.477749] /dev/input/event3: 0003 0039 00000000
[    3591.477802] /dev/input/event3: 0003 0030 00000060
[    3591.477808] /dev/input/event3: 0003 003a 00000060
[    3591.477811] /dev/input/event3: 0003 0035 000000ac
[    3591.477814] /dev/input/event3: 0003 0036 00000109
[    3591.477816] /dev/input/event3: 0000 0002 00000000
[    3591.477819] /dev/input/event3: 0000 0000 00000000
[    3591.489262] /dev/input/event3: 0003 0039 00000000
[    3591.489300] /dev/input/event3: 0003 0030 00000060
[    3591.489306] /dev/input/event3: 0003 003a 00000060
[    3591.489309] /dev/input/event3: 0003 0035 000000ab
[    3591.489312] /dev/input/event3: 0003 0036 00000109
[    3591.489315] /dev/input/event3: 0000 0002 00000000
[    3591.489318] /dev/input/event3: 0000 0000 00000000
[    3591.500817] /dev/input/event3: 0003 0039 00000000
[    3591.500836] /dev/input/event3: 0003 0030 00000060
[    3591.500839] /dev/input/event3: 0003 003a 00000060
[    3591.500841] /dev/input/event3: 0003 0035 000000ab
[    3591.500844] /dev/input/event3: 0003 0036 00000108
[    3591.500846] /dev/input/event3: 0000 0002 00000000
[    3591.500849] /dev/input/event3: 0000 0000 00000000
[    3591.512762] /dev/input/event3: 0003 0039 00000000
[    3591.512814] /dev/input/event3: 0003 0030 00000060
[    3591.512817] /dev/input/event3: 0003 003a 00000060
[    3591.512820] /dev/input/event3: 0003 0035 000000aa
[    3591.512823] /dev/input/event3: 0003 0036 00000108
[    3591.512825] /dev/input/event3: 0000 0002 00000000
[    3591.512830] /dev/input/event3: 0000 0000 00000000
[    3591.535507] /dev/input/event3: 0003 0039 00000000
[    3591.535533] /dev/input/event3: 0003 0030 00000060
[    3591.535536] /dev/input/event3: 0003 003a 00000060
[    3591.535539] /dev/input/event3: 0003 0035 000000a9
[    3591.535542] /dev/input/event3: 0003 0036 00000108
[    3591.535544] /dev/input/event3: 0000 0002 00000000
[    3591.535546] /dev/input/event3: 0000 0000 00000000
[    3591.547236] /dev/input/event3: 0003 0039 00000000
[    3591.547295] /dev/input/event3: 0003 0030 00000060
[    3591.547300] /dev/input/event3: 0003 003a 00000060
[    3591.547304] /dev/input/event3: 0003 0035 000000a9
[    3591.547306] /dev/input/event3: 0003 0036 00000107
[    3591.547309] /dev/input/event3: 0000 0002 00000000
[    3591.547312] /dev/input/event3: 0000 0000 00000000
[    3591.615247] /dev/input/event3: 0000 0002 00000000
[    3591.615294] /dev/input/event3: 0000 0000 00000000
