[    4456.848116] /dev/input/event3: 0003 0039 00000000
[    4456.848152] /dev/input/event3: 0003 0030 000000c0
[    4456.848159] /dev/input/event3: 0003 003a 000000c0
[    4456.848168] /dev/input/event3: 0003 0035 0000022b
[    4456.848176] /dev/input/event3: 0003 0036 00000217
[    4456.848185] /dev/input/event3: 0000 0002 00000000
[    4456.848192] /dev/input/event3: 0000 0000 00000000
[    4456.928447] /dev/input/event3: 0003 0039 00000000
[    4456.928475] /dev/input/event3: 0003 0030 000000c0
[    4456.928479] /dev/input/event3: 0003 003a 000000c0
[    4456.928485] /dev/input/event3: 0003 0035 00000211
[    4456.928490] /dev/input/event3: 0003 0036 0000022a
[    4456.928496] /dev/input/event3: 0000 0002 00000000
[    4456.928500] /dev/input/event3: 0000 0000 00000000
[    4456.938502] /dev/input/event3: 0003 0039 00000000
[    4456.938538] /dev/input/event3: 0003 0030 000000e0
[    4456.938543] /dev/input/event3: 0003 003a 000000e0
[    4456.938548] /dev/input/event3: 0003 0035 00000201
[    4456.938553] /dev/input/event3: 0003 0036 00000234
[    4456.938558] /dev/input/event3: 0000 0002 00000000
[    4456.938562] /dev/input/event3: 0000 0000 00000000
[    4456.948541] /dev/input/event3: 0003 0039 00000000
[    4456.948563] /dev/input/event3: 0003 0030 000000c0
[    4456.948568] /dev/input/event3: 0003 003a 000000c0
[    4456.948574] /dev/input/event3: 0003 0035 000001fc
[    4456.948579] /dev/input/event3: 0003 0036 00000235
[    4456.948584] /dev/input/event3: 0000 0002 00000000
[    4456.948588] /dev/input/event3: 0000 0000 00000000
[    4456.958752] /dev/input/event3: 0003 0039 00000000
[    4456.958790] /dev/input/event3: 0003 0030 000000c0
[    4456.958796] /dev/input/event3: 0003 003a 000000c0
[    4456.958801] /dev/input/event3: 0003 0035 000001f6
[    4456.958806] /dev/input/event3: 0003 0036 00000236
[    4456.958811] /dev/input/event3: 0000 0002 00000000
[    4456.958816] /dev/input/event3: 0000 0000 00000000
[    4456.968667] /dev/input/event3: 0003 0039 00000000
[    4456.968705] /dev/input/event3: 0003 0030 000000c0
[    4456.968710] /dev/input/event3: 0003 003a 000000c0
[    4456.968716] /dev/input/event3: 0003 0035 000001ef
[    4456.968721] /dev/input/event3: 0003 0036 00000237
[    4456.968726] /dev/input/event3: 0000 0002 00000000
[    4456.968730] /dev/input/event3: 0000 0000 00000000
[    4456.978727] /dev/input/event3: 0003 0039 00000000
[    4456.978757] /dev/input/event3: 0003 0030 000000a0
[    4456.978762] /dev/input/event3: 0003 003a 000000a0
[    4456.978768] /dev/input/event3: 0003 0035 000001e0
[    4456.978773] /dev/input/event3: 0003 0036 0000023a
[    4456.978778] /dev/input/event3: 0000 0002 00000000
[    4456.978782] /dev/input/event3: 0000 0000 00000000
[    4456.988798] /dev/input/event3: 0003 0039 00000000
[    4456.988836] /dev/input/event3: 0003 0030 000000c0
[    4456.988841] /dev/input/event3: 0003 003a 000000c0
[    4456.988847] /dev/input/event3: 0003 0035 000001cf
[    4456.988852] /dev/input/event3: 0003 0036 00000238
[    4456.988857] /dev/input/event3: 0000 0002 00000000
[    4456.988862] /dev/input/event3: 0000 0000 00000000
[    4456.998853] /dev/input/event3: 0003 0039 00000000
[    4456.998877] /dev/input/event3: 0003 0030 00000080
[    4456.998881] /dev/input/event3: 0003 003a 00000080
[    4456.998887] /dev/input/event3: 0003 0035 000001b9
[    4456.998892] /dev/input/event3: 0003 0036 00000236
[    4456.998897] /dev/input/event3: 0000 0002 00000000
[    4456.998902] /dev/input/event3: 0000 0000 00000000
[    4457.008893] /dev/input/event3: 0003 0039 00000000
[    4457.008926] /dev/input/event3: 0003 0030 00000080
[    4457.008931] /dev/input/event3: 0003 003a 00000080
[    4457.008936] /dev/input/event3: 0003 0035 000001aa
[    4457.008941] /dev/input/event3: 0003 0036 00000236
[    4457.008946] /dev/input/event3: 0000 0002 00000000
[    4457.008951] /dev/input/event3: 0000 0000 00000000
[    4457.018965] /dev/input/event3: 0003 0039 00000000
[    4457.018996] /dev/input/event3: 0003 0030 000000c0
[    4457.019001] /dev/input/event3: 0003 003a 000000c0
[    4457.019006] /dev/input/event3: 0003 0035 0000019f
[    4457.019011] /dev/input/event3: 0003 0036 00000235
[    4457.019016] /dev/input/event3: 0000 0002 00000000
[    4457.019020] /dev/input/event3: 0000 0000 00000000
[    4457.029053] /dev/input/event3: 0003 0039 00000000
[    4457.029080] /dev/input/event3: 0003 0030 000000c0
[    4457.029085] /dev/input/event3: 0003 003a 000000c0
[    4457.029091] /dev/input/event3: 0003 0035 00000193
[    4457.029096] /dev/input/event3: 0003 0036 00000235
[    4457.029101] /dev/input/event3: 0000 0002 00000000
[    4457.029105] /dev/input/event3: 0000 0000 00000000
[    4457.039681] /dev/input/event3: 0003 0039 00000000
[    4457.039723] /dev/input/event3: 0003 0030 000000a0
[    4457.039728] /dev/input/event3: 0003 003a 000000a0
[    4457.039733] /dev/input/event3: 0003 0035 00000189
[    4457.039738] /dev/input/event3: 0003 0036 00000234
[    4457.039743] /dev/input/event3: 0000 0002 00000000
[    4457.039748] /dev/input/event3: 0000 0000 00000000
[    4457.049709] /dev/input/event3: 0003 0039 00000000
[    4457.049734] /dev/input/event3: 0003 0030 000000a0
[    4457.049739] /dev/input/event3: 0003 003a 000000a0
[    4457.049745] /dev/input/event3: 0003 0035 00000180
[    4457.049750] /dev/input/event3: 0003 0036 00000235
[    4457.049755] /dev/input/event3: 0000 0002 00000000
[    4457.049759] /dev/input/event3: 0000 0000 00000000
[    4457.059765] /dev/input/event3: 0003 0039 00000000
[    4457.059791] /dev/input/event3: 0003 0030 00000080
[    4457.059796] /dev/input/event3: 0003 003a 00000080
[    4457.059801] /dev/input/event3: 0003 0035 00000179
[    4457.059806] /dev/input/event3: 0003 0036 00000235
[    4457.059811] /dev/input/event3: 0000 0002 00000000
[    4457.059816] /dev/input/event3: 0000 0000 00000000
[    4457.069870] /dev/input/event3: 0003 0039 00000000
[    4457.069908] /dev/input/event3: 0003 0030 000000c0
[    4457.069913] /dev/input/event3: 0003 003a 000000c0
[    4457.069918] /dev/input/event3: 0003 0035 00000173
[    4457.069923] /dev/input/event3: 0003 0036 00000235
[    4457.069928] /dev/input/event3: 0000 0002 00000000
[    4457.069933] /dev/input/event3: 0000 0000 00000000
[    4457.079844] /dev/input/event3: 0003 0039 00000000
[    4457.079867] /dev/input/event3: 0003 0030 000000c0
[    4457.079872] /dev/input/event3: 0003 003a 000000c0
[    4457.079878] /dev/input/event3: 0003 0035 0000016d
[    4457.079883] /dev/input/event3: 0003 0036 00000235
[    4457.079888] /dev/input/event3: 0000 0002 00000000
[    4457.079892] /dev/input/event3: 0000 0000 00000000
[    4457.089979] /dev/input/event3: 0003 0039 00000000
[    4457.090069] /dev/input/event3: 0003 0030 000000c0
[    4457.090075] /dev/input/event3: 0003 003a 000000c0
[    4457.090080] /dev/input/event3: 0003 0035 00000166
[    4457.090085] /dev/input/event3: 0003 0036 00000235
[    4457.090091] /dev/input/event3: 0000 0002 00000000
[    4457.090096] /dev/input/event3: 0000 0000 00000000
[    4457.100065] /dev/input/event3: 0003 0039 00000000
[    4457.100090] /dev/input/event3: 0003 0030 000000c0
[    4457.100095] /dev/input/event3: 0003 003a 000000c0
[    4457.100101] /dev/input/event3: 0003 0035 0000015e
[    4457.100106] /dev/input/event3: 0003 0036 00000236
[    4457.100111] /dev/input/event3: 0000 0002 00000000
[    4457.100115] /dev/input/event3: 0000 0000 00000000
[    4457.110100] /dev/input/event3: 0003 0039 00000000
[    4457.110136] /dev/input/event3: 0003 0030 000000a0
[    4457.110140] /dev/input/event3: 0003 003a 000000a0
[    4457.110142] /dev/input/event3: 0003 0035 00000156
[    4457.110145] /dev/input/event3: 0003 0036 00000236
[    4457.110148] /dev/input/event3: 0000 0002 00000000
[    4457.110151] /dev/input/event3: 0000 0000 00000000
[    4457.120261] /dev/input/event3: 0003 0039 00000000
[    4457.120296] /dev/input/event3: 0003 0030 00000080
[    4457.120299] /dev/input/event3: 0003 003a 00000080
[    4457.120302] /dev/input/event3: 0003 0035 0000014f
[    4457.120305] /dev/input/event3: 0003 0036 00000236
[    4457.120308] /dev/input/event3: 0000 0002 00000000
[    4457.120772] /dev/input/event3: 0000 0000 00000000
[    4457.130188] /dev/input/event3: 0003 0039 00000000
[    4457.130218] /dev/input/event3: 0003 0030 000000a0
[    4457.130221] /dev/input/event3: 0003 003a 000000a0
[    4457.130224] /dev/input/event3: 0003 0035 0000014a
[    4457.130226] /dev/input/event3: 0003 0036 00000236
[    4457.130229] /dev/input/event3: 0000 0002 00000000
[    4457.130232] /dev/input/event3: 0000 0000 00000000
[    4457.140225] /dev/input/event3: 0003 0039 00000000
[    4457.140259] /dev/input/event3: 0003 0030 00000080
[    4457.140261] /dev/input/event3: 0003 003a 00000080
[    4457.140264] /dev/input/event3: 0003 0035 00000145
[    4457.140267] /dev/input/event3: 0003 0036 00000239
[    4457.140269] /dev/input/event3: 0000 0002 00000000
[    4457.140272] /dev/input/event3: 0000 0000 00000000
[    4457.150231] /dev/input/event3: 0003 0039 00000000
[    4457.150248] /dev/input/event3: 0003 0030 00000080
[    4457.150250] /dev/input/event3: 0003 003a 00000080
[    4457.150253] /dev/input/event3: 0003 0035 00000141
[    4457.150255] /dev/input/event3: 0003 0036 0000023b
[    4457.150258] /dev/input/event3: 0000 0002 00000000
[    4457.150260] /dev/input/event3: 0000 0000 00000000
[    4457.160276] /dev/input/event3: 0003 0039 00000000
[    4457.160298] /dev/input/event3: 0003 0030 00000080
[    4457.160301] /dev/input/event3: 0003 003a 00000080
[    4457.160304] /dev/input/event3: 0003 0035 0000013c
[    4457.160306] /dev/input/event3: 0003 0036 0000023f
[    4457.160309] /dev/input/event3: 0000 0002 00000000
[    4457.160311] /dev/input/event3: 0000 0000 00000000
[    4457.170408] /dev/input/event3: 0003 0039 00000000
[    4457.170445] /dev/input/event3: 0003 0030 00000080
[    4457.170448] /dev/input/event3: 0003 003a 00000080
[    4457.170450] /dev/input/event3: 0003 0035 00000137
[    4457.170453] /dev/input/event3: 0003 0036 00000242
[    4457.170455] /dev/input/event3: 0000 0002 00000000
[    4457.170458] /dev/input/event3: 0000 0000 00000000
[    4457.180389] /dev/input/event3: 0003 0039 00000000
[    4457.180412] /dev/input/event3: 0003 0030 000000a0
[    4457.180415] /dev/input/event3: 0003 003a 000000a0
[    4457.180417] /dev/input/event3: 0003 0035 00000133
[    4457.180420] /dev/input/event3: 0003 0036 00000244
[    4457.180422] /dev/input/event3: 0000 0002 00000000
[    4457.180424] /dev/input/event3: 0000 0000 00000000
[    4457.190677] /dev/input/event3: 0003 0039 00000000
[    4457.190717] /dev/input/event3: 0003 0030 000000a0
[    4457.190721] /dev/input/event3: 0003 003a 000000a0
[    4457.190724] /dev/input/event3: 0003 0035 00000130
[    4457.190726] /dev/input/event3: 0003 0036 00000247
[    4457.190729] /dev/input/event3: 0000 0002 00000000
[    4457.190731] /dev/input/event3: 0000 0000 00000000
[    4457.200522] /dev/input/event3: 0003 0039 00000000
[    4457.200542] /dev/input/event3: 0003 0030 000000c0
[    4457.200545] /dev/input/event3: 0003 003a 000000c0
[    4457.200547] /dev/input/event3: 0003 0035 0000012c
[    4457.200550] /dev/input/event3: 0003 0036 0000024a
[    4457.200552] /dev/input/event3: 0000 0002 00000000
[    4457.200555] /dev/input/event3: 0000 0000 00000000
[    4457.210601] /dev/input/event3: 0003 0039 00000000
[    4457.210634] /dev/input/event3: 0003 0030 000000c0
[    4457.210637] /dev/input/event3: 0003 003a 000000c0
[    4457.210640] /dev/input/event3: 0003 0035 00000128
[    4457.210643] /dev/input/event3: 0003 0036 00000250
[    4457.210645] /dev/input/event3: 0000 0002 00000000
[    4457.210649] /dev/input/event3: 0000 0000 00000000
[    4457.220692] /dev/input/event3: 0003 0039 00000000
[    4457.220720] /dev/input/event3: 0003 0030 000000a0
[    4457.220723] /dev/input/event3: 0003 003a 000000a0
[    4457.220725] /dev/input/event3: 0003 0035 00000121
[    4457.220728] /dev/input/event3: 0003 0036 0000025c
[    4457.220730] /dev/input/event3: 0000 0002 00000000
[    4457.220734] /dev/input/event3: 0000 0000 00000000
[    4457.230767] /dev/input/event3: 0003 0039 00000000
[    4457.230800] /dev/input/event3: 0003 0030 000000a0
[    4457.230803] /dev/input/event3: 0003 003a 000000a0
[    4457.230806] /dev/input/event3: 0003 0035 0000011b
[    4457.230808] /dev/input/event3: 0003 0036 00000265
[    4457.230811] /dev/input/event3: 0000 0002 00000000
[    4457.230813] /dev/input/event3: 0000 0000 00000000
[    4457.241252] /dev/input/event3: 0003 0039 00000000
[    4457.241270] /dev/input/event3: 0003 0030 00000080
[    4457.241272] /dev/input/event3: 0003 003a 00000080
[    4457.241275] /dev/input/event3: 0003 0035 00000118
[    4457.241277] /dev/input/event3: 0003 0036 00000267
[    4457.241280] /dev/input/event3: 0000 0002 00000000
[    4457.241282] /dev/input/event3: 0000 0000 00000000
[    4457.251401] /dev/input/event3: 0003 0039 00000000
[    4457.251435] /dev/input/event3: 0003 0030 00000080
[    4457.251437] /dev/input/event3: 0003 003a 00000080
[    4457.251440] /dev/input/event3: 0003 0035 00000116
[    4457.251443] /dev/input/event3: 0003 0036 0000026a
[    4457.251445] /dev/input/event3: 0000 0002 00000000
[    4457.251447] /dev/input/event3: 0000 0000 00000000
[    4457.261294] /dev/input/event3: 0003 0039 00000000
[    4457.261310] /dev/input/event3: 0003 0030 00000080
[    4457.261313] /dev/input/event3: 0003 003a 00000080
[    4457.261315] /dev/input/event3: 0003 0035 00000113
[    4457.261318] /dev/input/event3: 0003 0036 0000026c
[    4457.261320] /dev/input/event3: 0000 0002 00000000
[    4457.261322] /dev/input/event3: 0000 0000 00000000
[    4457.271340] /dev/input/event3: 0003 0039 00000000
[    4457.271361] /dev/input/event3: 0003 0030 00000080
[    4457.271364] /dev/input/event3: 0003 003a 00000080
[    4457.271366] /dev/input/event3: 0003 0035 00000111
[    4457.271369] /dev/input/event3: 0003 0036 0000026e
[    4457.271371] /dev/input/event3: 0000 0002 00000000
[    4457.271373] /dev/input/event3: 0000 0000 00000000
[    4457.281379] /dev/input/event3: 0003 0039 00000000
[    4457.281395] /dev/input/event3: 0003 0030 00000060
[    4457.281398] /dev/input/event3: 0003 003a 00000060
[    4457.281400] /dev/input/event3: 0003 0035 0000010f
[    4457.281403] /dev/input/event3: 0003 0036 00000270
[    4457.281405] /dev/input/event3: 0000 0002 00000000
[    4457.281408] /dev/input/event3: 0000 0000 00000000
[    4457.291520] /dev/input/event3: 0003 0039 00000000
[    4457.291538] /dev/input/event3: 0003 0030 00000080
[    4457.291541] /dev/input/event3: 0003 003a 00000080
[    4457.291543] /dev/input/event3: 0003 0035 0000010d
[    4457.291546] /dev/input/event3: 0003 0036 00000273
[    4457.291548] /dev/input/event3: 0000 0002 00000000
[    4457.291551] /dev/input/event3: 0000 0000 00000000
[    4457.301563] /dev/input/event3: 0003 0039 00000000
[    4457.301593] /dev/input/event3: 0003 0030 000000a0
[    4457.301595] /dev/input/event3: 0003 003a 000000a0
[    4457.301598] /dev/input/event3: 0003 0035 0000010c
[    4457.301601] /dev/input/event3: 0003 0036 00000275
[    4457.301603] /dev/input/event3: 0000 0002 00000000
[    4457.301606] /dev/input/event3: 0000 0000 00000000
[    4457.311546] /dev/input/event3: 0003 0039 00000000
[    4457.311567] /dev/input/event3: 0003 0030 000000a0
[    4457.311570] /dev/input/event3: 0003 003a 000000a0
[    4457.311572] /dev/input/event3: 0003 0035 0000010a
[    4457.311575] /dev/input/event3: 0003 0036 00000279
[    4457.311577] /dev/input/event3: 0000 0002 00000000
[    4457.311580] /dev/input/event3: 0000 0000 00000000
[    4457.321617] /dev/input/event3: 0003 0039 00000000
[    4457.321770] /dev/input/event3: 0003 0030 00000080
[    4457.321777] /dev/input/event3: 0003 003a 00000080
[    4457.321780] /dev/input/event3: 0003 0035 00000108
[    4457.321783] /dev/input/event3: 0003 0036 0000027d
[    4457.321785] /dev/input/event3: 0000 0002 00000000
[    4457.321787] /dev/input/event3: 0000 0000 00000000
[    4457.331635] /dev/input/event3: 0003 0039 00000000
[    4457.331651] /dev/input/event3: 0003 0030 00000080
[    4457.331654] /dev/input/event3: 0003 003a 00000080
[    4457.331656] /dev/input/event3: 0003 0035 00000106
[    4457.331659] /dev/input/event3: 0003 0036 0000027f
[    4457.331661] /dev/input/event3: 0000 0002 00000000
[    4457.331664] /dev/input/event3: 0000 0000 00000000
[    4457.341785] /dev/input/event3: 0003 0039 00000000
[    4457.341825] /dev/input/event3: 0003 0030 00000080
[    4457.341828] /dev/input/event3: 0003 003a 00000080
[    4457.341830] /dev/input/event3: 0003 0035 00000105
[    4457.341833] /dev/input/event3: 0003 0036 00000281
[    4457.341835] /dev/input/event3: 0000 0002 00000000
[    4457.341838] /dev/input/event3: 0000 0000 00000000
[    4457.351847] /dev/input/event3: 0003 0039 00000000
[    4457.351878] /dev/input/event3: 0003 0030 00000080
[    4457.351881] /dev/input/event3: 0003 003a 00000080
[    4457.351884] /dev/input/event3: 0003 0035 00000103
[    4457.351886] /dev/input/event3: 0003 0036 00000284
[    4457.351889] /dev/input/event3: 0000 0002 00000000
[    4457.351891] /dev/input/event3: 0000 0000 00000000
[    4457.361854] /dev/input/event3: 0003 0039 00000000
[    4457.361875] /dev/input/event3: 0003 0030 000000a0
[    4457.361877] /dev/input/event3: 0003 003a 000000a0
[    4457.361880] /dev/input/event3: 0003 0035 00000102
[    4457.361882] /dev/input/event3: 0003 0036 00000287
[    4457.361885] /dev/input/event3: 0000 0002 00000000
[    4457.361887] /dev/input/event3: 0000 0000 00000000
[    4457.371913] /dev/input/event3: 0003 0039 00000000
[    4457.371949] /dev/input/event3: 0003 0030 00000080
[    4457.371952] /dev/input/event3: 0003 003a 00000080
[    4457.371955] /dev/input/event3: 0003 0035 00000100
[    4457.371957] /dev/input/event3: 0003 0036 00000289
[    4457.371960] /dev/input/event3: 0000 0002 00000000
[    4457.371962] /dev/input/event3: 0000 0000 00000000
[    4457.381941] /dev/input/event3: 0003 0039 00000000
[    4457.381961] /dev/input/event3: 0003 0030 00000080
[    4457.381963] /dev/input/event3: 0003 003a 00000080
[    4457.381965] /dev/input/event3: 0003 0035 000000ff
[    4457.381968] /dev/input/event3: 0003 0036 0000028c
[    4457.381970] /dev/input/event3: 0000 0002 00000000
[    4457.381973] /dev/input/event3: 0000 0000 00000000
[    4457.392030] /dev/input/event3: 0003 0039 00000000
[    4457.392062] /dev/input/event3: 0003 0030 00000080
[    4457.392065] /dev/input/event3: 0003 003a 00000080
[    4457.392068] /dev/input/event3: 0003 0035 000000fe
[    4457.392071] /dev/input/event3: 0003 0036 0000028f
[    4457.392073] /dev/input/event3: 0000 0002 00000000
[    4457.392075] /dev/input/event3: 0000 0000 00000000
[    4457.402054] /dev/input/event3: 0003 0039 00000000
[    4457.402076] /dev/input/event3: 0003 0030 00000080
[    4457.402079] /dev/input/event3: 0003 003a 00000080
[    4457.402081] /dev/input/event3: 0003 0035 000000fc
[    4457.402084] /dev/input/event3: 0003 0036 00000291
[    4457.402087] /dev/input/event3: 0000 0002 00000000
[    4457.402089] /dev/input/event3: 0000 0000 00000000
[    4457.412070] /dev/input/event3: 0003 0039 00000000
[    4457.412100] /dev/input/event3: 0003 0030 00000080
[    4457.412102] /dev/input/event3: 0003 003a 00000080
[    4457.412105] /dev/input/event3: 0003 0035 000000fb
[    4457.412107] /dev/input/event3: 0003 0036 00000293
[    4457.412110] /dev/input/event3: 0000 0002 00000000
[    4457.412113] /dev/input/event3: 0000 0000 00000000
[    4457.422100] /dev/input/event3: 0003 0039 00000000
[    4457.422133] /dev/input/event3: 0003 0030 00000080
[    4457.422135] /dev/input/event3: 0003 003a 00000080
[    4457.422137] /dev/input/event3: 0003 0035 000000fa
[    4457.422140] /dev/input/event3: 0003 0036 00000295
[    4457.422142] /dev/input/event3: 0000 0002 00000000
[    4457.422145] /dev/input/event3: 0000 0000 00000000
[    4457.432143] /dev/input/event3: 0003 0039 00000000
[    4457.432162] /dev/input/event3: 0003 0030 00000080
[    4457.432164] /dev/input/event3: 0003 003a 00000080
[    4457.432167] /dev/input/event3: 0003 0035 000000f9
[    4457.432169] /dev/input/event3: 0003 0036 00000297
[    4457.432172] /dev/input/event3: 0000 0002 00000000
[    4457.432174] /dev/input/event3: 0000 0000 00000000
[    4457.442757] /dev/input/event3: 0003 0039 00000000
[    4457.442786] /dev/input/event3: 0003 0030 00000080
[    4457.442789] /dev/input/event3: 0003 003a 00000080
[    4457.442792] /dev/input/event3: 0003 0035 000000f8
[    4457.442794] /dev/input/event3: 0003 0036 00000299
[    4457.442797] /dev/input/event3: 0000 0002 00000000
[    4457.442799] /dev/input/event3: 0000 0000 00000000
[    4457.452803] /dev/input/event3: 0003 0039 00000000
[    4457.452837] /dev/input/event3: 0003 0030 00000080
[    4457.452840] /dev/input/event3: 0003 003a 00000080
[    4457.452842] /dev/input/event3: 0003 0035 000000f6
[    4457.452845] /dev/input/event3: 0003 0036 0000029b
[    4457.452847] /dev/input/event3: 0000 0002 00000000
[    4457.452849] /dev/input/event3: 0000 0000 00000000
[    4457.462816] /dev/input/event3: 0003 0039 00000000
[    4457.462831] /dev/input/event3: 0003 0030 000000a0
[    4457.462833] /dev/input/event3: 0003 003a 000000a0
[    4457.462836] /dev/input/event3: 0003 0035 000000f6
[    4457.462838] /dev/input/event3: 0003 0036 0000029c
[    4457.462841] /dev/input/event3: 0000 0002 00000000
[    4457.462843] /dev/input/event3: 0000 0000 00000000
[    4457.472998] /dev/input/event3: 0003 0039 00000000
[    4457.473041] /dev/input/event3: 0003 0030 000000a0
[    4457.473044] /dev/input/event3: 0003 003a 000000a0
[    4457.473047] /dev/input/event3: 0003 0035 000000f5
[    4457.473049] /dev/input/event3: 0003 0036 0000029d
[    4457.473052] /dev/input/event3: 0000 0002 00000000
[    4457.473055] /dev/input/event3: 0000 0000 00000000
[    4457.482969] /dev/input/event3: 0003 0039 00000000
[    4457.482986] /dev/input/event3: 0003 0030 000000a0
[    4457.482988] /dev/input/event3: 0003 003a 000000a0
[    4457.482991] /dev/input/event3: 0003 0035 000000f4
[    4457.482993] /dev/input/event3: 0003 0036 0000029e
[    4457.482996] /dev/input/event3: 0000 0002 00000000
[    4457.482998] /dev/input/event3: 0000 0000 00000000
[    4457.493051] /dev/input/event3: 0003 0039 00000000
[    4457.493070] /dev/input/event3: 0003 0030 000000c0
[    4457.493073] /dev/input/event3: 0003 003a 000000c0
[    4457.493075] /dev/input/event3: 0003 0035 000000f3
[    4457.493078] /dev/input/event3: 0003 0036 0000029f
[    4457.493080] /dev/input/event3: 0000 0002 00000000
[    4457.493082] /dev/input/event3: 0000 0000 00000000
[    4457.503115] /dev/input/event3: 0003 0039 00000000
[    4457.503150] /dev/input/event3: 0003 0030 000000c0
[    4457.503153] /dev/input/event3: 0003 003a 000000c0
[    4457.503156] /dev/input/event3: 0003 0035 000000f2
[    4457.503158] /dev/input/event3: 0003 0036 000002a1
[    4457.503161] /dev/input/event3: 0000 0002 00000000
[    4457.503164] /dev/input/event3: 0000 0000 00000000
[    4457.513131] /dev/input/event3: 0003 0039 00000000
[    4457.513146] /dev/input/event3: 0003 0030 000000c0
[    4457.513149] /dev/input/event3: 0003 003a 000000c0
[    4457.513151] /dev/input/event3: 0003 0035 000000f1
[    4457.513154] /dev/input/event3: 0003 0036 000002a6
[    4457.513156] /dev/input/event3: 0000 0002 00000000
[    4457.513158] /dev/input/event3: 0000 0000 00000000
[    4457.523274] /dev/input/event3: 0003 0039 00000000
[    4457.523315] /dev/input/event3: 0003 0030 000000c0
[    4457.523318] /dev/input/event3: 0003 003a 000000c0
[    4457.523320] /dev/input/event3: 0003 0035 000000ef
[    4457.523323] /dev/input/event3: 0003 0036 000002ab
[    4457.523325] /dev/input/event3: 0000 0002 00000000
[    4457.523328] /dev/input/event3: 0000 0000 00000000
[    4457.533241] /dev/input/event3: 0003 0039 00000000
[    4457.533262] /dev/input/event3: 0003 0030 000000c0
[    4457.533264] /dev/input/event3: 0003 003a 000000c0
[    4457.533267] /dev/input/event3: 0003 0035 000000ed
[    4457.533269] /dev/input/event3: 0003 0036 000002b2
[    4457.533272] /dev/input/event3: 0000 0002 00000000
[    4457.533274] /dev/input/event3: 0000 0000 00000000
[    4457.543374] /dev/input/event3: 0003 0039 00000000
[    4457.543406] /dev/input/event3: 0003 0030 000000c0
[    4457.543409] /dev/input/event3: 0003 003a 000000c0
[    4457.543412] /dev/input/event3: 0003 0035 000000ec
[    4457.543414] /dev/input/event3: 0003 0036 000002b7
[    4457.543417] /dev/input/event3: 0000 0002 00000000
[    4457.543420] /dev/input/event3: 0000 0000 00000000
[    4457.553399] /dev/input/event3: 0003 0039 00000000
[    4457.553436] /dev/input/event3: 0003 0030 000000a0
[    4457.553438] /dev/input/event3: 0003 003a 000000a0
[    4457.553441] /dev/input/event3: 0003 0035 000000eb
[    4457.553443] /dev/input/event3: 0003 0036 000002bc
[    4457.553446] /dev/input/event3: 0000 0002 00000000
[    4457.553449] /dev/input/event3: 0000 0000 00000000
[    4457.563403] /dev/input/event3: 0003 0039 00000000
[    4457.563418] /dev/input/event3: 0003 0030 000000a0
[    4457.563421] /dev/input/event3: 0003 003a 000000a0
[    4457.563423] /dev/input/event3: 0003 0035 000000e9
[    4457.563426] /dev/input/event3: 0003 0036 000002bf
[    4457.563428] /dev/input/event3: 0000 0002 00000000
[    4457.563430] /dev/input/event3: 0000 0000 00000000
[    4457.583504] /dev/input/event3: 0003 0039 00000000
[    4457.583538] /dev/input/event3: 0003 0030 00000080
[    4457.583541] /dev/input/event3: 0003 003a 00000080
[    4457.583543] /dev/input/event3: 0003 0035 000000e9
[    4457.583546] /dev/input/event3: 0003 0036 000002c0
[    4457.583548] /dev/input/event3: 0000 0002 00000000
[    4457.583551] /dev/input/event3: 0000 0000 00000000
[    4457.593518] /dev/input/event3: 0003 0039 00000000
[    4457.593539] /dev/input/event3: 0003 0030 00000080
[    4457.593541] /dev/input/event3: 0003 003a 00000080
[    4457.593544] /dev/input/event3: 0003 0035 000000e8
[    4457.593546] /dev/input/event3: 0003 0036 000002c0
[    4457.593549] /dev/input/event3: 0000 0002 00000000
[    4457.593551] /dev/input/event3: 0000 0000 00000000
[    4457.603598] /dev/input/event3: 0003 0039 00000000
[    4457.603630] /dev/input/event3: 0003 0030 00000080
[    4457.603632] /dev/input/event3: 0003 003a 00000080
[    4457.603635] /dev/input/event3: 0003 0035 000000e8
[    4457.603637] /dev/input/event3: 0003 0036 000002c1
[    4457.603640] /dev/input/event3: 0000 0002 00000000
[    4457.603642] /dev/input/event3: 0000 0000 00000000
[    4457.623700] /dev/input/event3: 0003 0039 00000000
[    4457.623738] /dev/input/event3: 0003 0030 00000080
[    4457.623741] /dev/input/event3: 0003 003a 00000080
[    4457.623743] /dev/input/event3: 0003 0035 000000e7
[    4457.623746] /dev/input/event3: 0003 0036 000002c1
[    4457.623748] /dev/input/event3: 0000 0002 00000000
[    4457.623751] /dev/input/event3: 0000 0000 00000000
[    4457.634199] /dev/input/event3: 0003 0039 00000000
[    4457.634217] /dev/input/event3: 0003 0030 00000080
[    4457.634219] /dev/input/event3: 0003 003a 00000080
[    4457.634222] /dev/input/event3: 0003 0035 000000e7
[    4457.634224] /dev/input/event3: 0003 0036 000002c2
[    4457.634227] /dev/input/event3: 0000 0002 00000000
[    4457.634229] /dev/input/event3: 0000 0000 00000000
[    4457.644219] /dev/input/event3: 0003 0039 00000000
[    4457.644239] /dev/input/event3: 0003 0030 00000080
[    4457.644241] /dev/input/event3: 0003 003a 00000080
[    4457.644244] /dev/input/event3: 0003 0035 000000e7
[    4457.644246] /dev/input/event3: 0003 0036 000002c3
[    4457.644249] /dev/input/event3: 0000 0002 00000000
[    4457.644251] /dev/input/event3: 0000 0000 00000000
[    4457.654345] /dev/input/event3: 0003 0039 00000000
[    4457.654385] /dev/input/event3: 0003 0030 00000080
[    4457.654387] /dev/input/event3: 0003 003a 00000080
[    4457.654390] /dev/input/event3: 0003 0035 000000e7
[    4457.654392] /dev/input/event3: 0003 0036 000002c4
[    4457.654395] /dev/input/event3: 0000 0002 00000000
[    4457.654397] /dev/input/event3: 0000 0000 00000000
[    4457.664329] /dev/input/event3: 0003 0039 00000000
[    4457.664350] /dev/input/event3: 0003 0030 00000080
[    4457.664352] /dev/input/event3: 0003 003a 00000080
[    4457.664355] /dev/input/event3: 0003 0035 000000e6
[    4457.664357] /dev/input/event3: 0003 0036 000002c5
[    4457.664360] /dev/input/event3: 0000 0002 00000000
[    4457.664362] /dev/input/event3: 0000 0000 00000000
[    4457.674442] /dev/input/event3: 0003 0039 00000000
[    4457.674477] /dev/input/event3: 0003 0030 00000080
[    4457.674480] /dev/input/event3: 0003 003a 00000080
[    4457.674482] /dev/input/event3: 0003 0035 000000e6
[    4457.674485] /dev/input/event3: 0003 0036 000002c6
[    4457.674487] /dev/input/event3: 0000 0002 00000000
[    4457.674489] /dev/input/event3: 0000 0000 00000000
[    4457.684440] /dev/input/event3: 0003 0039 00000000
[    4457.684457] /dev/input/event3: 0003 0030 000000a0
[    4457.684459] /dev/input/event3: 0003 003a 000000a0
[    4457.684462] /dev/input/event3: 0003 0035 000000e5
[    4457.684464] /dev/input/event3: 0003 0036 000002c6
[    4457.684467] /dev/input/event3: 0000 0002 00000000
[    4457.684469] /dev/input/event3: 0000 0000 00000000
[    4457.694485] /dev/input/event3: 0003 0039 00000000
[    4457.694503] /dev/input/event3: 0003 0030 000000a0
[    4457.694505] /dev/input/event3: 0003 003a 000000a0
[    4457.694508] /dev/input/event3: 0003 0035 000000e5
[    4457.694510] /dev/input/event3: 0003 0036 000002c7
[    4457.694513] /dev/input/event3: 0000 0002 00000000
[    4457.694515] /dev/input/event3: 0000 0000 00000000
[    4457.704557] /dev/input/event3: 0003 0039 00000000
[    4457.704590] /dev/input/event3: 0003 0030 000000a0
[    4457.704593] /dev/input/event3: 0003 003a 000000a0
[    4457.704596] /dev/input/event3: 0003 0035 000000e5
[    4457.704598] /dev/input/event3: 0003 0036 000002c8
[    4457.704601] /dev/input/event3: 0000 0002 00000000
[    4457.704603] /dev/input/event3: 0000 0000 00000000
[    4457.714622] /dev/input/event3: 0003 0039 00000000
[    4457.714642] /dev/input/event3: 0003 0030 000000a0
[    4457.714645] /dev/input/event3: 0003 003a 000000a0
[    4457.714648] /dev/input/event3: 0003 0035 000000e4
[    4457.714650] /dev/input/event3: 0003 0036 000002c9
[    4457.714652] /dev/input/event3: 0000 0002 00000000
[    4457.714655] /dev/input/event3: 0000 0000 00000000
[    4457.724636] /dev/input/event3: 0003 0039 00000000
[    4457.724653] /dev/input/event3: 0003 0030 000000c0
[    4457.724655] /dev/input/event3: 0003 003a 000000c0
[    4457.724658] /dev/input/event3: 0003 0035 000000e4
[    4457.724660] /dev/input/event3: 0003 0036 000002cb
[    4457.724663] /dev/input/event3: 0000 0002 00000000
[    4457.724665] /dev/input/event3: 0000 0000 00000000
[    4457.734760] /dev/input/event3: 0003 0039 00000000
[    4457.734782] /dev/input/event3: 0003 0030 000000c0
[    4457.734784] /dev/input/event3: 0003 003a 000000c0
[    4457.734787] /dev/input/event3: 0003 0035 000000e3
[    4457.734789] /dev/input/event3: 0003 0036 000002ce
[    4457.734792] /dev/input/event3: 0000 0002 00000000
[    4457.734794] /dev/input/event3: 0000 0000 00000000
[    4457.744797] /dev/input/event3: 0003 0039 00000000
[    4457.744824] /dev/input/event3: 0003 0030 000000a0
[    4457.744827] /dev/input/event3: 0003 003a 000000a0
[    4457.744829] /dev/input/event3: 0003 0035 000000e3
[    4457.744832] /dev/input/event3: 0003 0036 000002d1
[    4457.744834] /dev/input/event3: 0000 0002 00000000
[    4457.744838] /dev/input/event3: 0000 0000 00000000
[    4457.754897] /dev/input/event3: 0003 0039 00000000
[    4457.754940] /dev/input/event3: 0003 0030 000000a0
[    4457.754942] /dev/input/event3: 0003 003a 000000a0
[    4457.754946] /dev/input/event3: 0003 0035 000000e1
[    4457.754948] /dev/input/event3: 0003 0036 000002d5
[    4457.754951] /dev/input/event3: 0000 0002 00000000
[    4457.754953] /dev/input/event3: 0000 0000 00000000
[    4457.764898] /dev/input/event3: 0003 0039 00000000
[    4457.764920] /dev/input/event3: 0003 0030 000000a0
[    4457.764923] /dev/input/event3: 0003 003a 000000a0
[    4457.764925] /dev/input/event3: 0003 0035 000000e0
[    4457.764928] /dev/input/event3: 0003 0036 000002d9
[    4457.764930] /dev/input/event3: 0000 0002 00000000
[    4457.764933] /dev/input/event3: 0000 0000 00000000
[    4457.774939] /dev/input/event3: 0003 0039 00000000
[    4457.774956] /dev/input/event3: 0003 0030 000000a0
[    4457.774958] /dev/input/event3: 0003 003a 000000a0
[    4457.774961] /dev/input/event3: 0003 0035 000000df
[    4457.774963] /dev/input/event3: 0003 0036 000002db
[    4457.774966] /dev/input/event3: 0000 0002 00000000
[    4457.774968] /dev/input/event3: 0000 0000 00000000
[    4457.785049] /dev/input/event3: 0003 0039 00000000
[    4457.785085] /dev/input/event3: 0003 0030 00000080
[    4457.785088] /dev/input/event3: 0003 003a 00000080
[    4457.785091] /dev/input/event3: 0003 0035 000000de
[    4457.785093] /dev/input/event3: 0003 0036 000002de
[    4457.785096] /dev/input/event3: 0000 0002 00000000
[    4457.785098] /dev/input/event3: 0000 0000 00000000
[    4457.795044] /dev/input/event3: 0003 0039 00000000
[    4457.795061] /dev/input/event3: 0003 0030 00000060
[    4457.795063] /dev/input/event3: 0003 003a 00000060
[    4457.795066] /dev/input/event3: 0003 0035 000000dd
[    4457.795068] /dev/input/event3: 0003 0036 000002df
[    4457.795071] /dev/input/event3: 0000 0002 00000000
[    4457.795073] /dev/input/event3: 0000 0000 00000000
[    4457.805083] /dev/input/event3: 0003 0039 00000000
[    4457.805116] /dev/input/event3: 0003 0030 00000020
[    4457.805118] /dev/input/event3: 0003 003a 00000020
[    4457.805121] /dev/input/event3: 0003 0035 000000db
[    4457.805123] /dev/input/event3: 0003 0036 000002e1
[    4457.805126] /dev/input/event3: 0000 0002 00000000
[    4457.805128] /dev/input/event3: 0000 0000 00000000
[    4457.833984] /dev/input/event3: 0000 0002 00000000
[    4457.834007] /dev/input/event3: 0000 0000 00000000
[    4459.237496] /dev/input/event3: 0003 0039 00000000
[    4459.237531] /dev/input/event3: 0003 0030 000000c0
[    4459.237538] /dev/input/event3: 0003 003a 000000c0
[    4459.237545] /dev/input/event3: 0003 0035 0000010e
[    4459.237551] /dev/input/event3: 0003 0036 00000259
[    4459.237558] /dev/input/event3: 0000 0002 00000000
[    4459.237563] /dev/input/event3: 0000 0000 00000000
[    4459.326614] /dev/input/event3: 0000 0002 00000000
[    4459.326644] /dev/input/event3: 0000 0000 00000000
[    4469.867056] /dev/input/event3: 0003 0039 00000000
[    4469.867094] /dev/input/event3: 0003 0030 000000c0
[    4469.867102] /dev/input/event3: 0003 003a 000000c0
[    4469.867110] /dev/input/event3: 0003 0035 00000206
[    4469.867119] /dev/input/event3: 0003 0036 0000021f
[    4469.867127] /dev/input/event3: 0000 0002 00000000
[    4469.867134] /dev/input/event3: 0000 0000 00000000
[    4469.968042] /dev/input/event3: 0003 0039 00000000
[    4469.968086] /dev/input/event3: 0003 0030 000000a0
[    4469.968091] /dev/input/event3: 0003 003a 000000a0
[    4469.968097] /dev/input/event3: 0003 0035 000001ea
[    4469.968102] /dev/input/event3: 0003 0036 00000227
[    4469.968107] /dev/input/event3: 0000 0002 00000000
[    4469.968112] /dev/input/event3: 0000 0000 00000000
[    4469.978043] /dev/input/event3: 0003 0039 00000000
[    4469.978075] /dev/input/event3: 0003 0030 000000a0
[    4469.978080] /dev/input/event3: 0003 003a 000000a0
[    4469.978086] /dev/input/event3: 0003 0035 000001df
[    4469.978091] /dev/input/event3: 0003 0036 0000022c
[    4469.978096] /dev/input/event3: 0000 0002 00000000
[    4469.978100] /dev/input/event3: 0000 0000 00000000
[    4469.988090] /dev/input/event3: 0003 0039 00000000
[    4469.988116] /dev/input/event3: 0003 0030 00000080
[    4469.988121] /dev/input/event3: 0003 003a 00000080
[    4469.988127] /dev/input/event3: 0003 0035 000001d8
[    4469.988132] /dev/input/event3: 0003 0036 0000022f
[    4469.988137] /dev/input/event3: 0000 0002 00000000
[    4469.988141] /dev/input/event3: 0000 0000 00000000
[    4469.998157] /dev/input/event3: 0003 0039 00000000
[    4469.998178] /dev/input/event3: 0003 0030 00000080
[    4469.998183] /dev/input/event3: 0003 003a 00000080
[    4469.998189] /dev/input/event3: 0003 0035 000001d3
[    4469.998194] /dev/input/event3: 0003 0036 00000230
[    4469.998199] /dev/input/event3: 0000 0002 00000000
[    4469.998204] /dev/input/event3: 0000 0000 00000000
[    4470.008223] /dev/input/event3: 0003 0039 00000000
[    4470.008249] /dev/input/event3: 0003 0030 000000c0
[    4470.008254] /dev/input/event3: 0003 003a 000000c0
[    4470.008259] /dev/input/event3: 0003 0035 000001ce
[    4470.008264] /dev/input/event3: 0003 0036 00000233
[    4470.008269] /dev/input/event3: 0000 0002 00000000
[    4470.008274] /dev/input/event3: 0000 0000 00000000
[    4470.018420] /dev/input/event3: 0003 0039 00000000
[    4470.018448] /dev/input/event3: 0003 0030 000000a0
[    4470.018453] /dev/input/event3: 0003 003a 000000a0
[    4470.018458] /dev/input/event3: 0003 0035 000001c7
[    4470.018463] /dev/input/event3: 0003 0036 00000239
[    4470.018468] /dev/input/event3: 0000 0002 00000000
[    4470.018473] /dev/input/event3: 0000 0000 00000000
[    4470.028338] /dev/input/event3: 0003 0039 00000000
[    4470.028364] /dev/input/event3: 0003 0030 00000080
[    4470.028368] /dev/input/event3: 0003 003a 00000080
[    4470.028374] /dev/input/event3: 0003 0035 000001c0
[    4470.028379] /dev/input/event3: 0003 0036 0000023b
[    4470.028384] /dev/input/event3: 0000 0002 00000000
[    4470.028390] /dev/input/event3: 0000 0000 00000000
[    4470.038331] /dev/input/event3: 0003 0039 00000000
[    4470.038355] /dev/input/event3: 0003 0030 00000080
[    4470.038360] /dev/input/event3: 0003 003a 00000080
[    4470.038365] /dev/input/event3: 0003 0035 000001ba
[    4470.038370] /dev/input/event3: 0003 0036 0000023c
[    4470.038375] /dev/input/event3: 0000 0002 00000000
[    4470.038380] /dev/input/event3: 0000 0000 00000000
[    4470.048446] /dev/input/event3: 0003 0039 00000000
[    4470.048487] /dev/input/event3: 0003 0030 00000060
[    4470.048491] /dev/input/event3: 0003 003a 00000060
[    4470.048497] /dev/input/event3: 0003 0035 000001b3
[    4470.048502] /dev/input/event3: 0003 0036 0000023e
[    4470.048507] /dev/input/event3: 0000 0002 00000000
[    4470.048512] /dev/input/event3: 0000 0000 00000000
[    4470.058401] /dev/input/event3: 0003 0039 00000000
[    4470.058424] /dev/input/event3: 0003 0030 00000060
[    4470.058429] /dev/input/event3: 0003 003a 00000060
[    4470.058434] /dev/input/event3: 0003 0035 000001ad
[    4470.058439] /dev/input/event3: 0003 0036 00000240
[    4470.058445] /dev/input/event3: 0000 0002 00000000
[    4470.058449] /dev/input/event3: 0000 0000 00000000
[    4470.068459] /dev/input/event3: 0003 0039 00000000
[    4470.068481] /dev/input/event3: 0003 0030 00000080
[    4470.068485] /dev/input/event3: 0003 003a 00000080
[    4470.068491] /dev/input/event3: 0003 0035 000001a6
[    4470.068496] /dev/input/event3: 0003 0036 00000244
[    4470.068501] /dev/input/event3: 0000 0002 00000000
[    4470.068505] /dev/input/event3: 0000 0000 00000000
[    4470.078510] /dev/input/event3: 0003 0039 00000000
[    4470.078554] /dev/input/event3: 0003 0030 00000080
[    4470.078559] /dev/input/event3: 0003 003a 00000080
[    4470.078564] /dev/input/event3: 0003 0035 0000019f
[    4470.078569] /dev/input/event3: 0003 0036 00000248
[    4470.078574] /dev/input/event3: 0000 0002 00000000
[    4470.078579] /dev/input/event3: 0000 0000 00000000
[    4470.088551] /dev/input/event3: 0003 0039 00000000
[    4470.088575] /dev/input/event3: 0003 0030 00000080
[    4470.088580] /dev/input/event3: 0003 003a 00000080
[    4470.088586] /dev/input/event3: 0003 0035 00000198
[    4470.088591] /dev/input/event3: 0003 0036 0000024d
[    4470.088596] /dev/input/event3: 0000 0002 00000000
[    4470.088600] /dev/input/event3: 0000 0000 00000000
[    4470.098651] /dev/input/event3: 0003 0039 00000000
[    4470.098694] /dev/input/event3: 0003 0030 00000060
[    4470.098699] /dev/input/event3: 0003 003a 00000060
[    4470.098704] /dev/input/event3: 0003 0035 0000018d
[    4470.098709] /dev/input/event3: 0003 0036 00000252
[    4470.098715] /dev/input/event3: 0000 0002 00000000
[    4470.098720] /dev/input/event3: 0000 0000 00000000
[    4470.108626] /dev/input/event3: 0003 0039 00000000
[    4470.108653] /dev/input/event3: 0003 0030 00000080
[    4470.108658] /dev/input/event3: 0003 003a 00000080
[    4470.108664] /dev/input/event3: 0003 0035 00000184
[    4470.108669] /dev/input/event3: 0003 0036 00000257
[    4470.108674] /dev/input/event3: 0000 0002 00000000
[    4470.108679] /dev/input/event3: 0000 0000 00000000
[    4470.118660] /dev/input/event3: 0003 0039 00000000
[    4470.118688] /dev/input/event3: 0003 0030 00000060
[    4470.118693] /dev/input/event3: 0003 003a 00000060
[    4470.118698] /dev/input/event3: 0003 0035 0000017a
[    4470.118704] /dev/input/event3: 0003 0036 0000025f
[    4470.118709] /dev/input/event3: 0000 0002 00000000
[    4470.118713] /dev/input/event3: 0000 0000 00000000
[    4470.128691] /dev/input/event3: 0003 0039 00000000
[    4470.128723] /dev/input/event3: 0003 0030 00000040
[    4470.128725] /dev/input/event3: 0003 003a 00000040
[    4470.128729] /dev/input/event3: 0003 0035 00000175
[    4470.128732] /dev/input/event3: 0003 0036 00000263
[    4470.128734] /dev/input/event3: 0000 0002 00000000
[    4470.128737] /dev/input/event3: 0000 0000 00000000
[    4470.138717] /dev/input/event3: 0003 0039 00000000
[    4470.138733] /dev/input/event3: 0003 0030 00000060
[    4470.138737] /dev/input/event3: 0003 003a 00000060
[    4470.138740] /dev/input/event3: 0003 0035 00000170
[    4470.138742] /dev/input/event3: 0003 0036 00000267
[    4470.138745] /dev/input/event3: 0000 0002 00000000
[    4470.138748] /dev/input/event3: 0000 0000 00000000
[    4470.149397] /dev/input/event3: 0003 0039 00000000
[    4470.149436] /dev/input/event3: 0003 0030 00000060
[    4470.149440] /dev/input/event3: 0003 003a 00000060
[    4470.149442] /dev/input/event3: 0003 0035 0000016c
[    4470.149445] /dev/input/event3: 0003 0036 0000026b
[    4470.149447] /dev/input/event3: 0000 0002 00000000
[    4470.149450] /dev/input/event3: 0000 0000 00000000
[    4470.159333] /dev/input/event3: 0003 0039 00000000
[    4470.159349] /dev/input/event3: 0003 0030 00000080
[    4470.159352] /dev/input/event3: 0003 003a 00000080
[    4470.159354] /dev/input/event3: 0003 0035 0000016a
[    4470.159357] /dev/input/event3: 0003 0036 0000026e
[    4470.159359] /dev/input/event3: 0000 0002 00000000
[    4470.159361] /dev/input/event3: 0000 0000 00000000
[    4470.169385] /dev/input/event3: 0003 0039 00000000
[    4470.169406] /dev/input/event3: 0003 0030 00000080
[    4470.169408] /dev/input/event3: 0003 003a 00000080
[    4470.169411] /dev/input/event3: 0003 0035 00000167
[    4470.169413] /dev/input/event3: 0003 0036 00000271
[    4470.169416] /dev/input/event3: 0000 0002 00000000
[    4470.169418] /dev/input/event3: 0000 0000 00000000
[    4470.179434] /dev/input/event3: 0003 0039 00000000
[    4470.179461] /dev/input/event3: 0003 0030 00000080
[    4470.179464] /dev/input/event3: 0003 003a 00000080
[    4470.179467] /dev/input/event3: 0003 0035 00000164
[    4470.179470] /dev/input/event3: 0003 0036 00000275
[    4470.179473] /dev/input/event3: 0000 0002 00000000
[    4470.179475] /dev/input/event3: 0000 0000 00000000
[    4470.189457] /dev/input/event3: 0003 0039 00000000
[    4470.189477] /dev/input/event3: 0003 0030 00000080
[    4470.189479] /dev/input/event3: 0003 003a 00000080
[    4470.189482] /dev/input/event3: 0003 0035 00000161
[    4470.189485] /dev/input/event3: 0003 0036 00000278
[    4470.189487] /dev/input/event3: 0000 0002 00000000
[    4470.189489] /dev/input/event3: 0000 0000 00000000
[    4470.199517] /dev/input/event3: 0003 0039 00000000
[    4470.199549] /dev/input/event3: 0003 0030 00000080
[    4470.199553] /dev/input/event3: 0003 003a 00000080
[    4470.199555] /dev/input/event3: 0003 0035 0000015f
[    4470.199558] /dev/input/event3: 0003 0036 0000027a
[    4470.199560] /dev/input/event3: 0000 0002 00000000
[    4470.199564] /dev/input/event3: 0000 0000 00000000
[    4470.209557] /dev/input/event3: 0003 0039 00000000
[    4470.209591] /dev/input/event3: 0003 0030 00000060
[    4470.209593] /dev/input/event3: 0003 003a 00000060
[    4470.209596] /dev/input/event3: 0003 0035 0000015c
[    4470.209598] /dev/input/event3: 0003 0036 0000027d
[    4470.209601] /dev/input/event3: 0000 0002 00000000
[    4470.209603] /dev/input/event3: 0000 0000 00000000
[    4470.219604] /dev/input/event3: 0003 0039 00000000
[    4470.219622] /dev/input/event3: 0003 0030 00000080
[    4470.219625] /dev/input/event3: 0003 003a 00000080
[    4470.219627] /dev/input/event3: 0003 0035 00000159
[    4470.219630] /dev/input/event3: 0003 0036 00000280
[    4470.219633] /dev/input/event3: 0000 0002 00000000
[    4470.219635] /dev/input/event3: 0000 0000 00000000
[    4470.229685] /dev/input/event3: 0003 0039 00000000
[    4470.229718] /dev/input/event3: 0003 0030 00000080
[    4470.229720] /dev/input/event3: 0003 003a 00000080
[    4470.229723] /dev/input/event3: 0003 0035 00000155
[    4470.229725] /dev/input/event3: 0003 0036 00000283
[    4470.229728] /dev/input/event3: 0000 0002 00000000
[    4470.229731] /dev/input/event3: 0000 0000 00000000
[    4470.239661] /dev/input/event3: 0003 0039 00000000
[    4470.239678] /dev/input/event3: 0003 0030 00000080
[    4470.239680] /dev/input/event3: 0003 003a 00000080
[    4470.239683] /dev/input/event3: 0003 0035 00000150
[    4470.239685] /dev/input/event3: 0003 0036 00000288
[    4470.239687] /dev/input/event3: 0000 0002 00000000
[    4470.239690] /dev/input/event3: 0000 0000 00000000
[    4470.249779] /dev/input/event3: 0003 0039 00000000
[    4470.249814] /dev/input/event3: 0003 0030 00000080
[    4470.249817] /dev/input/event3: 0003 003a 00000080
[    4470.249819] /dev/input/event3: 0003 0035 0000014c
[    4470.249822] /dev/input/event3: 0003 0036 0000028b
[    4470.249824] /dev/input/event3: 0000 0002 00000000
[    4470.249827] /dev/input/event3: 0000 0000 00000000
[    4470.259756] /dev/input/event3: 0003 0039 00000000
[    4470.259786] /dev/input/event3: 0003 0030 00000080
[    4470.259788] /dev/input/event3: 0003 003a 00000080
[    4470.259791] /dev/input/event3: 0003 0035 00000149
[    4470.259793] /dev/input/event3: 0003 0036 0000028e
[    4470.259796] /dev/input/event3: 0000 0002 00000000
[    4470.259798] /dev/input/event3: 0000 0000 00000000
[    4470.269771] /dev/input/event3: 0003 0039 00000000
[    4470.269789] /dev/input/event3: 0003 0030 00000080
[    4470.269791] /dev/input/event3: 0003 003a 00000080
[    4470.269794] /dev/input/event3: 0003 0035 00000147
[    4470.269796] /dev/input/event3: 0003 0036 00000290
[    4470.269799] /dev/input/event3: 0000 0002 00000000
[    4470.269801] /dev/input/event3: 0000 0000 00000000
[    4470.279839] /dev/input/event3: 0003 0039 00000000
[    4470.279871] /dev/input/event3: 0003 0030 00000080
[    4470.279875] /dev/input/event3: 0003 003a 00000080
[    4470.279877] /dev/input/event3: 0003 0035 00000145
[    4470.279880] /dev/input/event3: 0003 0036 00000292
[    4470.279882] /dev/input/event3: 0000 0002 00000000
[    4470.279884] /dev/input/event3: 0000 0000 00000000
[    4470.289845] /dev/input/event3: 0003 0039 00000000
[    4470.289861] /dev/input/event3: 0003 0030 00000080
[    4470.289864] /dev/input/event3: 0003 003a 00000080
[    4470.289866] /dev/input/event3: 0003 0035 00000143
[    4470.289869] /dev/input/event3: 0003 0036 00000294
[    4470.289871] /dev/input/event3: 0000 0002 00000000
[    4470.289873] /dev/input/event3: 0000 0000 00000000
[    4470.299910] /dev/input/event3: 0003 0039 00000000
[    4470.299932] /dev/input/event3: 0003 0030 00000060
[    4470.299934] /dev/input/event3: 0003 003a 00000060
[    4470.299937] /dev/input/event3: 0003 0035 00000142
[    4470.299940] /dev/input/event3: 0003 0036 00000295
[    4470.299942] /dev/input/event3: 0000 0002 00000000
[    4470.299945] /dev/input/event3: 0000 0000 00000000
[    4470.309974] /dev/input/event3: 0003 0039 00000000
[    4470.310059] /dev/input/event3: 0003 0030 00000060
[    4470.310062] /dev/input/event3: 0003 003a 00000060
[    4470.310065] /dev/input/event3: 0003 0035 00000141
[    4470.310068] /dev/input/event3: 0003 0036 00000297
[    4470.310070] /dev/input/event3: 0000 0002 00000000
[    4470.310072] /dev/input/event3: 0000 0000 00000000
[    4470.319973] /dev/input/event3: 0003 0039 00000000
[    4470.319992] /dev/input/event3: 0003 0030 00000060
[    4470.319994] /dev/input/event3: 0003 003a 00000060
[    4470.319997] /dev/input/event3: 0003 0035 00000140
[    4470.320000] /dev/input/event3: 0003 0036 00000298
[    4470.320039] /dev/input/event3: 0000 0002 00000000
[    4470.320042] /dev/input/event3: 0000 0000 00000000
[    4470.330118] /dev/input/event3: 0003 0039 00000000
[    4470.330153] /dev/input/event3: 0003 0030 00000060
[    4470.330155] /dev/input/event3: 0003 003a 00000060
[    4470.330158] /dev/input/event3: 0003 0035 0000013f
[    4470.330160] /dev/input/event3: 0003 0036 00000299
[    4470.330163] /dev/input/event3: 0000 0002 00000000
[    4470.330167] /dev/input/event3: 0000 0000 00000000
[    4470.350613] /dev/input/event3: 0003 0039 00000000
[    4470.350635] /dev/input/event3: 0003 0030 00000060
[    4470.350638] /dev/input/event3: 0003 003a 00000060
[    4470.350640] /dev/input/event3: 0003 0035 0000013e
[    4470.350643] /dev/input/event3: 0003 0036 0000029a
[    4470.350645] /dev/input/event3: 0000 0002 00000000
[    4470.350647] /dev/input/event3: 0000 0000 00000000
[    4470.360677] /dev/input/event3: 0003 0039 00000000
[    4470.360705] /dev/input/event3: 0003 0030 00000060
[    4470.360708] /dev/input/event3: 0003 003a 00000060
[    4470.360710] /dev/input/event3: 0003 0035 0000013e
[    4470.360713] /dev/input/event3: 0003 0036 0000029b
[    4470.360715] /dev/input/event3: 0000 0002 00000000
[    4470.360718] /dev/input/event3: 0000 0000 00000000
[    4470.370696] /dev/input/event3: 0003 0039 00000000
[    4470.370714] /dev/input/event3: 0003 0030 00000060
[    4470.370717] /dev/input/event3: 0003 003a 00000060
[    4470.370720] /dev/input/event3: 0003 0035 0000013d
[    4470.370722] /dev/input/event3: 0003 0036 0000029c
[    4470.370725] /dev/input/event3: 0000 0002 00000000
[    4470.370727] /dev/input/event3: 0000 0000 00000000
[    4470.390748] /dev/input/event3: 0003 0039 00000000
[    4470.390768] /dev/input/event3: 0003 0030 00000060
[    4470.390771] /dev/input/event3: 0003 003a 00000060
[    4470.390774] /dev/input/event3: 0003 0035 0000013c
[    4470.390776] /dev/input/event3: 0003 0036 0000029d
[    4470.390778] /dev/input/event3: 0000 0002 00000000
[    4470.390781] /dev/input/event3: 0000 0000 00000000
[    4470.420856] /dev/input/event3: 0003 0039 00000000
[    4470.421015] /dev/input/event3: 0003 0030 00000040
[    4470.421022] /dev/input/event3: 0003 003a 00000040
[    4470.421026] /dev/input/event3: 0003 0035 0000013b
[    4470.421028] /dev/input/event3: 0003 0036 0000029e
[    4470.421031] /dev/input/event3: 0000 0002 00000000
[    4470.421033] /dev/input/event3: 0000 0000 00000000
[    4470.440887] /dev/input/event3: 0003 0039 00000000
[    4470.440905] /dev/input/event3: 0003 0030 00000040
[    4470.440907] /dev/input/event3: 0003 003a 00000040
[    4470.440910] /dev/input/event3: 0003 0035 0000013a
[    4470.440912] /dev/input/event3: 0003 0036 0000029f
[    4470.440915] /dev/input/event3: 0000 0002 00000000
[    4470.440917] /dev/input/event3: 0000 0000 00000000
[    4470.460948] /dev/input/event3: 0003 0039 00000000
[    4470.460980] /dev/input/event3: 0003 0030 00000040
[    4470.460982] /dev/input/event3: 0003 003a 00000040
[    4470.460985] /dev/input/event3: 0003 0035 00000139
[    4470.460987] /dev/input/event3: 0003 0036 000002a0
[    4470.460990] /dev/input/event3: 0000 0002 00000000
[    4470.460992] /dev/input/event3: 0000 0000 00000000
[    4470.481004] /dev/input/event3: 0003 0039 00000000
[    4470.481025] /dev/input/event3: 0003 0030 00000040
[    4470.481027] /dev/input/event3: 0003 003a 00000040
[    4470.481030] /dev/input/event3: 0003 0035 00000139
[    4470.481032] /dev/input/event3: 0003 0036 000002a1
[    4470.481035] /dev/input/event3: 0000 0002 00000000
[    4470.481037] /dev/input/event3: 0000 0000 00000000
[    4470.491023] /dev/input/event3: 0003 0039 00000000
[    4470.491040] /dev/input/event3: 0003 0030 00000040
[    4470.491043] /dev/input/event3: 0003 003a 00000040
[    4470.491045] /dev/input/event3: 0003 0035 00000138
[    4470.491048] /dev/input/event3: 0003 0036 000002a1
[    4470.491051] /dev/input/event3: 0000 0002 00000000
[    4470.491053] /dev/input/event3: 0000 0000 00000000
[    4470.501084] /dev/input/event3: 0003 0039 00000000
[    4470.501105] /dev/input/event3: 0003 0030 00000060
[    4470.501107] /dev/input/event3: 0003 003a 00000060
[    4470.501110] /dev/input/event3: 0003 0035 00000138
[    4470.501113] /dev/input/event3: 0003 0036 000002a2
[    4470.501115] /dev/input/event3: 0000 0002 00000000
[    4470.501117] /dev/input/event3: 0000 0000 00000000
[    4470.521132] /dev/input/event3: 0003 0039 00000000
[    4470.521151] /dev/input/event3: 0003 0030 00000080
[    4470.521153] /dev/input/event3: 0003 003a 00000080
[    4470.521156] /dev/input/event3: 0003 0035 00000137
[    4470.521158] /dev/input/event3: 0003 0036 000002a2
[    4470.521161] /dev/input/event3: 0000 0002 00000000
[    4470.521163] /dev/input/event3: 0000 0000 00000000
[    4470.531238] /dev/input/event3: 0003 0039 00000000
[    4470.531275] /dev/input/event3: 0003 0030 00000060
[    4470.531278] /dev/input/event3: 0003 003a 00000060
[    4470.531280] /dev/input/event3: 0003 0035 00000137
[    4470.531283] /dev/input/event3: 0003 0036 000002a3
[    4470.531285] /dev/input/event3: 0000 0002 00000000
[    4470.531287] /dev/input/event3: 0000 0000 00000000
[    4470.561811] /dev/input/event3: 0003 0039 00000000
[    4470.561849] /dev/input/event3: 0003 0030 00000080
[    4470.561852] /dev/input/event3: 0003 003a 00000080
[    4470.561855] /dev/input/event3: 0003 0035 00000136
[    4470.561857] /dev/input/event3: 0003 0036 000002a4
[    4470.561860] /dev/input/event3: 0000 0002 00000000
[    4470.561862] /dev/input/event3: 0000 0000 00000000
[    4470.591922] /dev/input/event3: 0003 0039 00000000
[    4470.591951] /dev/input/event3: 0003 0030 00000080
[    4470.591954] /dev/input/event3: 0003 003a 00000080
[    4470.591956] /dev/input/event3: 0003 0035 00000135
[    4470.591959] /dev/input/event3: 0003 0036 000002a4
[    4470.591961] /dev/input/event3: 0000 0002 00000000
[    4470.591963] /dev/input/event3: 0000 0000 00000000
[    4470.601914] /dev/input/event3: 0003 0039 00000000
[    4470.601932] /dev/input/event3: 0003 0030 00000080
[    4470.601934] /dev/input/event3: 0003 003a 00000080
[    4470.601937] /dev/input/event3: 0003 0035 00000135
[    4470.601939] /dev/input/event3: 0003 0036 000002a5
[    4470.601942] /dev/input/event3: 0000 0002 00000000
[    4470.601944] /dev/input/event3: 0000 0000 00000000
[    4470.621988] /dev/input/event3: 0003 0039 00000000
[    4470.622005] /dev/input/event3: 0003 0030 000000a0
[    4470.622008] /dev/input/event3: 0003 003a 000000a0
[    4470.622010] /dev/input/event3: 0003 0035 00000134
[    4470.622013] /dev/input/event3: 0003 0036 000002a5
[    4470.622015] /dev/input/event3: 0000 0002 00000000
[    4470.622017] /dev/input/event3: 0000 0000 00000000
[    4470.662192] /dev/input/event3: 0003 0039 00000000
[    4470.662216] /dev/input/event3: 0003 0030 000000a0
[    4470.662219] /dev/input/event3: 0003 003a 000000a0
[    4470.662221] /dev/input/event3: 0003 0035 00000133
[    4470.662224] /dev/input/event3: 0003 0036 000002a5
[    4470.662226] /dev/input/event3: 0000 0002 00000000
[    4470.662228] /dev/input/event3: 0000 0000 00000000
[    4470.672194] /dev/input/event3: 0003 0039 00000000
[    4470.672211] /dev/input/event3: 0003 0030 000000a0
[    4470.672214] /dev/input/event3: 0003 003a 000000a0
[    4470.672217] /dev/input/event3: 0003 0035 00000133
[    4470.672219] /dev/input/event3: 0003 0036 000002a6
[    4470.672222] /dev/input/event3: 0000 0002 00000000
[    4470.672224] /dev/input/event3: 0000 0000 00000000
[    4470.693286] /dev/input/event3: 0003 0039 00000000
[    4470.693317] /dev/input/event3: 0003 0030 000000a0
[    4470.693319] /dev/input/event3: 0003 003a 000000a0
[    4470.693321] /dev/input/event3: 0003 0035 00000132
[    4470.693324] /dev/input/event3: 0003 0036 000002a6
[    4470.693327] /dev/input/event3: 0000 0002 00000000
[    4470.693330] /dev/input/event3: 0000 0000 00000000
[    4470.722395] /dev/input/event3: 0003 0039 00000000
[    4470.722414] /dev/input/event3: 0003 0030 000000a0
[    4470.722417] /dev/input/event3: 0003 003a 000000a0
[    4470.722419] /dev/input/event3: 0003 0035 00000131
[    4470.722422] /dev/input/event3: 0003 0036 000002a6
[    4470.722425] /dev/input/event3: 0000 0002 00000000
[    4470.722427] /dev/input/event3: 0000 0000 00000000
[    4470.753109] /dev/input/event3: 0003 0039 00000000
[    4470.753127] /dev/input/event3: 0003 0030 000000a0
[    4470.753130] /dev/input/event3: 0003 003a 000000a0
[    4470.753132] /dev/input/event3: 0003 0035 00000130
[    4470.753135] /dev/input/event3: 0003 0036 000002a6
[    4470.753137] /dev/input/event3: 0000 0002 00000000
[    4470.753140] /dev/input/event3: 0000 0000 00000000
[    4470.773225] /dev/input/event3: 0003 0039 00000000
[    4470.773244] /dev/input/event3: 0003 0030 000000a0
[    4470.773247] /dev/input/event3: 0003 003a 000000a0
[    4470.773250] /dev/input/event3: 0003 0035 0000012f
[    4470.773252] /dev/input/event3: 0003 0036 000002a6
[    4470.773255] /dev/input/event3: 0000 0002 00000000
[    4470.773257] /dev/input/event3: 0000 0000 00000000
[    4470.783315] /dev/input/event3: 0003 0039 00000000
[    4470.783348] /dev/input/event3: 0003 0030 000000a0
[    4470.783350] /dev/input/event3: 0003 003a 000000a0
[    4470.783353] /dev/input/event3: 0003 0035 0000012e
[    4470.783356] /dev/input/event3: 0003 0036 000002a6
[    4470.783358] /dev/input/event3: 0000 0002 00000000
[    4470.783360] /dev/input/event3: 0000 0000 00000000
[    4470.793397] /dev/input/event3: 0003 0039 00000000
[    4470.793435] /dev/input/event3: 0003 0030 000000a0
[    4470.793438] /dev/input/event3: 0003 003a 000000a0
[    4470.793442] /dev/input/event3: 0003 0035 0000012e
[    4470.793445] /dev/input/event3: 0003 0036 000002a7
[    4470.793447] /dev/input/event3: 0000 0002 00000000
[    4470.793450] /dev/input/event3: 0000 0000 00000000
[    4470.803371] /dev/input/event3: 0003 0039 00000000
[    4470.803388] /dev/input/event3: 0003 0030 000000a0
[    4470.803390] /dev/input/event3: 0003 003a 000000a0
[    4470.803393] /dev/input/event3: 0003 0035 0000012d
[    4470.803395] /dev/input/event3: 0003 0036 000002a7
[    4470.803398] /dev/input/event3: 0000 0002 00000000
[    4470.803400] /dev/input/event3: 0000 0000 00000000
[    4470.813513] /dev/input/event3: 0003 0039 00000000
[    4470.813554] /dev/input/event3: 0003 0030 000000a0
[    4470.813557] /dev/input/event3: 0003 003a 000000a0
[    4470.813560] /dev/input/event3: 0003 0035 0000012c
[    4470.813563] /dev/input/event3: 0003 0036 000002a8
[    4470.813565] /dev/input/event3: 0000 0002 00000000
[    4470.813568] /dev/input/event3: 0000 0000 00000000
[    4470.823493] /dev/input/event3: 0003 0039 00000000
[    4470.823531] /dev/input/event3: 0003 0030 000000a0
[    4470.823533] /dev/input/event3: 0003 003a 000000a0
[    4470.823536] /dev/input/event3: 0003 0035 0000012b
[    4470.823539] /dev/input/event3: 0003 0036 000002a9
[    4470.823541] /dev/input/event3: 0000 0002 00000000
[    4470.823543] /dev/input/event3: 0000 0000 00000000
[    4470.833567] /dev/input/event3: 0003 0039 00000000
[    4470.833598] /dev/input/event3: 0003 0030 000000a0
[    4470.833601] /dev/input/event3: 0003 003a 000000a0
[    4470.833604] /dev/input/event3: 0003 0035 0000012a
[    4470.833607] /dev/input/event3: 0003 0036 000002a9
[    4470.833609] /dev/input/event3: 0000 0002 00000000
[    4470.833613] /dev/input/event3: 0000 0000 00000000
[    4470.843634] /dev/input/event3: 0003 0039 00000000
[    4470.843666] /dev/input/event3: 0003 0030 000000a0
[    4470.843668] /dev/input/event3: 0003 003a 000000a0
[    4470.843671] /dev/input/event3: 0003 0035 00000129
[    4470.843673] /dev/input/event3: 0003 0036 000002aa
[    4470.843676] /dev/input/event3: 0000 0002 00000000
[    4470.843679] /dev/input/event3: 0000 0000 00000000
[    4470.853631] /dev/input/event3: 0003 0039 00000000
[    4470.853647] /dev/input/event3: 0003 0030 00000080
[    4470.853650] /dev/input/event3: 0003 003a 00000080
[    4470.853653] /dev/input/event3: 0003 0035 00000128
[    4470.853655] /dev/input/event3: 0003 0036 000002aa
[    4470.853658] /dev/input/event3: 0000 0002 00000000
[    4470.853660] /dev/input/event3: 0000 0000 00000000
[    4470.863776] /dev/input/event3: 0003 0039 00000000
[    4470.863812] /dev/input/event3: 0003 0030 00000080
[    4470.863815] /dev/input/event3: 0003 003a 00000080
[    4470.863818] /dev/input/event3: 0003 0035 00000127
[    4470.863820] /dev/input/event3: 0003 0036 000002ab
[    4470.863823] /dev/input/event3: 0000 0002 00000000
[    4470.863825] /dev/input/event3: 0000 0000 00000000
[    4470.873758] /dev/input/event3: 0003 0039 00000000
[    4470.873784] /dev/input/event3: 0003 0030 00000080
[    4470.873787] /dev/input/event3: 0003 003a 00000080
[    4470.873789] /dev/input/event3: 0003 0035 00000126
[    4470.873792] /dev/input/event3: 0003 0036 000002ab
[    4470.873794] /dev/input/event3: 0000 0002 00000000
[    4470.873797] /dev/input/event3: 0000 0000 00000000
[    4470.883795] /dev/input/event3: 0003 0039 00000000
[    4470.883818] /dev/input/event3: 0003 0030 00000080
[    4470.883820] /dev/input/event3: 0003 003a 00000080
[    4470.883823] /dev/input/event3: 0003 0035 00000126
[    4470.883826] /dev/input/event3: 0003 0036 000002ac
[    4470.883828] /dev/input/event3: 0000 0002 00000000
[    4470.883830] /dev/input/event3: 0000 0000 00000000
[    4470.893929] /dev/input/event3: 0003 0039 00000000
[    4470.893962] /dev/input/event3: 0003 0030 00000080
[    4470.893966] /dev/input/event3: 0003 003a 00000080
[    4470.893968] /dev/input/event3: 0003 0035 00000124
[    4470.893971] /dev/input/event3: 0003 0036 000002ac
[    4470.893973] /dev/input/event3: 0000 0002 00000000
[    4470.893977] /dev/input/event3: 0000 0000 00000000
[    4470.903898] /dev/input/event3: 0003 0039 00000000
[    4470.903915] /dev/input/event3: 0003 0030 00000080
[    4470.903917] /dev/input/event3: 0003 003a 00000080
[    4470.903920] /dev/input/event3: 0003 0035 00000123
[    4470.903923] /dev/input/event3: 0003 0036 000002ad
[    4470.903925] /dev/input/event3: 0000 0002 00000000
[    4470.903927] /dev/input/event3: 0000 0000 00000000
[    4470.913984] /dev/input/event3: 0003 0039 00000000
[    4470.914104] /dev/input/event3: 0003 0030 00000080
[    4470.914111] /dev/input/event3: 0003 003a 00000080
[    4470.914114] /dev/input/event3: 0003 0035 00000122
[    4470.914117] /dev/input/event3: 0003 0036 000002ad
[    4470.914120] /dev/input/event3: 0000 0002 00000000
[    4470.914122] /dev/input/event3: 0000 0000 00000000
[    4470.924025] /dev/input/event3: 0003 0039 00000000
[    4470.924056] /dev/input/event3: 0003 0030 00000080
[    4470.924058] /dev/input/event3: 0003 003a 00000080
[    4470.924061] /dev/input/event3: 0003 0035 00000122
[    4470.924063] /dev/input/event3: 0003 0036 000002ae
[    4470.924066] /dev/input/event3: 0000 0002 00000000
[    4470.924068] /dev/input/event3: 0000 0000 00000000
[    4470.934651] /dev/input/event3: 0003 0039 00000000
[    4470.934669] /dev/input/event3: 0003 0030 00000080
[    4470.934672] /dev/input/event3: 0003 003a 00000080
[    4470.934674] /dev/input/event3: 0003 0035 00000121
[    4470.934677] /dev/input/event3: 0003 0036 000002af
[    4470.934679] /dev/input/event3: 0000 0002 00000000
[    4470.934682] /dev/input/event3: 0000 0000 00000000
[    4470.944745] /dev/input/event3: 0003 0039 00000000
[    4470.944778] /dev/input/event3: 0003 0030 00000080
[    4470.944782] /dev/input/event3: 0003 003a 00000080
[    4470.944784] /dev/input/event3: 0003 0035 00000120
[    4470.944787] /dev/input/event3: 0003 0036 000002af
[    4470.944789] /dev/input/event3: 0000 0002 00000000
[    4470.944792] /dev/input/event3: 0000 0000 00000000
[    4470.954742] /dev/input/event3: 0003 0039 00000000
[    4470.954757] /dev/input/event3: 0003 0030 00000080
[    4470.954760] /dev/input/event3: 0003 003a 00000080
[    4470.954763] /dev/input/event3: 0003 0035 0000011f
[    4470.954765] /dev/input/event3: 0003 0036 000002af
[    4470.954768] /dev/input/event3: 0000 0002 00000000
[    4470.954770] /dev/input/event3: 0000 0000 00000000
[    4470.964811] /dev/input/event3: 0003 0039 00000000
[    4470.964830] /dev/input/event3: 0003 0030 00000080
[    4470.964832] /dev/input/event3: 0003 003a 00000080
[    4470.964835] /dev/input/event3: 0003 0035 0000011e
[    4470.964837] /dev/input/event3: 0003 0036 000002b0
[    4470.964840] /dev/input/event3: 0000 0002 00000000
[    4470.964842] /dev/input/event3: 0000 0000 00000000
[    4470.984925] /dev/input/event3: 0003 0039 00000000
[    4470.984942] /dev/input/event3: 0003 0030 000000a0
[    4470.984945] /dev/input/event3: 0003 003a 000000a0
[    4470.984948] /dev/input/event3: 0003 0035 0000011d
[    4470.984950] /dev/input/event3: 0003 0036 000002b1
[    4470.984952] /dev/input/event3: 0000 0002 00000000
[    4470.984955] /dev/input/event3: 0000 0000 00000000
[    4470.995055] /dev/input/event3: 0003 0039 00000000
[    4470.995091] /dev/input/event3: 0003 0030 000000a0
[    4470.995094] /dev/input/event3: 0003 003a 000000a0
[    4470.995097] /dev/input/event3: 0003 0035 0000011c
[    4470.995099] /dev/input/event3: 0003 0036 000002b2
[    4470.995102] /dev/input/event3: 0000 0002 00000000
[    4470.995105] /dev/input/event3: 0000 0000 00000000
[    4471.005018] /dev/input/event3: 0003 0039 00000000
[    4471.005036] /dev/input/event3: 0003 0030 000000a0
[    4471.005038] /dev/input/event3: 0003 003a 000000a0
[    4471.005041] /dev/input/event3: 0003 0035 0000011b
[    4471.005044] /dev/input/event3: 0003 0036 000002b2
[    4471.005046] /dev/input/event3: 0000 0002 00000000
[    4471.005048] /dev/input/event3: 0000 0000 00000000
[    4471.015078] /dev/input/event3: 0003 0039 00000000
[    4471.015098] /dev/input/event3: 0003 0030 000000a0
[    4471.015100] /dev/input/event3: 0003 003a 000000a0
[    4471.015103] /dev/input/event3: 0003 0035 0000011b
[    4471.015105] /dev/input/event3: 0003 0036 000002b3
[    4471.015108] /dev/input/event3: 0000 0002 00000000
[    4471.015110] /dev/input/event3: 0000 0000 00000000
[    4471.025160] /dev/input/event3: 0003 0039 00000000
[    4471.025196] /dev/input/event3: 0003 0030 000000a0
[    4471.025199] /dev/input/event3: 0003 003a 000000a0
[    4471.025202] /dev/input/event3: 0003 0035 0000011a
[    4471.025204] /dev/input/event3: 0003 0036 000002b4
[    4471.025207] /dev/input/event3: 0000 0002 00000000
[    4471.025209] /dev/input/event3: 0000 0000 00000000
[    4471.035188] /dev/input/event3: 0003 0039 00000000
[    4471.035205] /dev/input/event3: 0003 0030 000000a0
[    4471.035208] /dev/input/event3: 0003 003a 000000a0
[    4471.035210] /dev/input/event3: 0003 0035 00000119
[    4471.035213] /dev/input/event3: 0003 0036 000002b5
[    4471.035215] /dev/input/event3: 0000 0002 00000000
[    4471.035217] /dev/input/event3: 0000 0000 00000000
[    4471.045299] /dev/input/event3: 0003 0039 00000000
[    4471.045330] /dev/input/event3: 0003 0030 000000a0
[    4471.045333] /dev/input/event3: 0003 003a 000000a0
[    4471.045335] /dev/input/event3: 0003 0035 00000118
[    4471.045338] /dev/input/event3: 0003 0036 000002b6
[    4471.045340] /dev/input/event3: 0000 0002 00000000
[    4471.045343] /dev/input/event3: 0000 0000 00000000
[    4471.055294] /dev/input/event3: 0003 0039 00000000
[    4471.055312] /dev/input/event3: 0003 0030 000000a0
[    4471.055314] /dev/input/event3: 0003 003a 000000a0
[    4471.055317] /dev/input/event3: 0003 0035 00000117
[    4471.055319] /dev/input/event3: 0003 0036 000002b7
[    4471.055322] /dev/input/event3: 0000 0002 00000000
[    4471.055324] /dev/input/event3: 0000 0000 00000000
[    4471.065336] /dev/input/event3: 0003 0039 00000000
[    4471.065354] /dev/input/event3: 0003 0030 00000080
[    4471.065356] /dev/input/event3: 0003 003a 00000080
[    4471.065359] /dev/input/event3: 0003 0035 00000117
[    4471.065361] /dev/input/event3: 0003 0036 000002b8
[    4471.065364] /dev/input/event3: 0000 0002 00000000
[    4471.065366] /dev/input/event3: 0000 0000 00000000
[    4471.075419] /dev/input/event3: 0003 0039 00000000
[    4471.075452] /dev/input/event3: 0003 0030 00000080
[    4471.075454] /dev/input/event3: 0003 003a 00000080
[    4471.075456] /dev/input/event3: 0003 0035 00000116
[    4471.075459] /dev/input/event3: 0003 0036 000002b9
[    4471.075461] /dev/input/event3: 0000 0002 00000000
[    4471.075464] /dev/input/event3: 0000 0000 00000000
[    4471.085419] /dev/input/event3: 0003 0039 00000000
[    4471.085438] /dev/input/event3: 0003 0030 00000080
[    4471.085441] /dev/input/event3: 0003 003a 00000080
[    4471.085443] /dev/input/event3: 0003 0035 00000115
[    4471.085446] /dev/input/event3: 0003 0036 000002ba
[    4471.085448] /dev/input/event3: 0000 0002 00000000
[    4471.085451] /dev/input/event3: 0000 0000 00000000
[    4471.095472] /dev/input/event3: 0003 0039 00000000
[    4471.095488] /dev/input/event3: 0003 0030 00000080
[    4471.095490] /dev/input/event3: 0003 003a 00000080
[    4471.095493] /dev/input/event3: 0003 0035 00000115
[    4471.095495] /dev/input/event3: 0003 0036 000002bb
[    4471.095498] /dev/input/event3: 0000 0002 00000000
[    4471.095500] /dev/input/event3: 0000 0000 00000000
[    4471.105524] /dev/input/event3: 0003 0039 00000000
[    4471.105557] /dev/input/event3: 0003 0030 00000080
[    4471.105559] /dev/input/event3: 0003 003a 00000080
[    4471.105562] /dev/input/event3: 0003 0035 00000114
[    4471.105564] /dev/input/event3: 0003 0036 000002bb
[    4471.105567] /dev/input/event3: 0000 0002 00000000
[    4471.105569] /dev/input/event3: 0000 0000 00000000
[    4471.115624] /dev/input/event3: 0003 0039 00000000
[    4471.115661] /dev/input/event3: 0003 0030 00000080
[    4471.115666] /dev/input/event3: 0003 003a 00000080
[    4471.115668] /dev/input/event3: 0003 0035 00000113
[    4471.115671] /dev/input/event3: 0003 0036 000002bc
[    4471.115673] /dev/input/event3: 0000 0002 00000000
[    4471.115676] /dev/input/event3: 0000 0000 00000000
[    4471.125576] /dev/input/event3: 0003 0039 00000000
[    4471.125609] /dev/input/event3: 0003 0030 00000080
[    4471.125613] /dev/input/event3: 0003 003a 00000080
[    4471.125615] /dev/input/event3: 0003 0035 00000113
[    4471.125618] /dev/input/event3: 0003 0036 000002bd
[    4471.125620] /dev/input/event3: 0000 0002 00000000
[    4471.125623] /dev/input/event3: 0000 0000 00000000
[    4471.136125] /dev/input/event3: 0003 0039 00000000
[    4471.136142] /dev/input/event3: 0003 0030 00000080
[    4471.136145] /dev/input/event3: 0003 003a 00000080
[    4471.136147] /dev/input/event3: 0003 0035 00000112
[    4471.136150] /dev/input/event3: 0003 0036 000002be
[    4471.136152] /dev/input/event3: 0000 0002 00000000
[    4471.136155] /dev/input/event3: 0000 0000 00000000
[    4471.146215] /dev/input/event3: 0003 0039 00000000
[    4471.146250] /dev/input/event3: 0003 0030 00000080
[    4471.146253] /dev/input/event3: 0003 003a 00000080
[    4471.146256] /dev/input/event3: 0003 0035 00000112
[    4471.146259] /dev/input/event3: 0003 0036 000002bf
[    4471.146261] /dev/input/event3: 0000 0002 00000000
[    4471.146265] /dev/input/event3: 0000 0000 00000000
[    4471.156256] /dev/input/event3: 0003 0039 00000000
[    4471.156289] /dev/input/event3: 0003 0030 00000080
[    4471.156292] /dev/input/event3: 0003 003a 00000080
[    4471.156294] /dev/input/event3: 0003 0035 00000111
[    4471.156297] /dev/input/event3: 0003 0036 000002c0
[    4471.156300] /dev/input/event3: 0000 0002 00000000
[    4471.156303] /dev/input/event3: 0000 0000 00000000
[    4471.176325] /dev/input/event3: 0003 0039 00000000
[    4471.176365] /dev/input/event3: 0003 0030 00000080
[    4471.176367] /dev/input/event3: 0003 003a 00000080
[    4471.176370] /dev/input/event3: 0003 0035 00000110
[    4471.176373] /dev/input/event3: 0003 0036 000002c1
[    4471.176375] /dev/input/event3: 0000 0002 00000000
[    4471.176379] /dev/input/event3: 0000 0000 00000000
[    4471.196430] /dev/input/event3: 0003 0039 00000000
[    4471.196469] /dev/input/event3: 0003 0030 00000080
[    4471.196471] /dev/input/event3: 0003 003a 00000080
[    4471.196474] /dev/input/event3: 0003 0035 00000110
[    4471.196477] /dev/input/event3: 0003 0036 000002c2
[    4471.196479] /dev/input/event3: 0000 0002 00000000
[    4471.196482] /dev/input/event3: 0000 0000 00000000
[    4471.206352] /dev/input/event3: 0003 0039 00000000
[    4471.206578] /dev/input/event3: 0003 0030 00000080
[    4471.206589] /dev/input/event3: 0003 003a 00000080
[    4471.206594] /dev/input/event3: 0003 0035 0000010f
[    4471.206596] /dev/input/event3: 0003 0036 000002c2
[    4471.206599] /dev/input/event3: 0000 0002 00000000
[    4471.206602] /dev/input/event3: 0000 0000 00000000
[    4471.216388] /dev/input/event3: 0003 0039 00000000
[    4471.216408] /dev/input/event3: 0003 0030 00000080
[    4471.216410] /dev/input/event3: 0003 003a 00000080
[    4471.216413] /dev/input/event3: 0003 0035 0000010f
[    4471.216416] /dev/input/event3: 0003 0036 000002c3
[    4471.216418] /dev/input/event3: 0000 0002 00000000
[    4471.216421] /dev/input/event3: 0000 0000 00000000
[    4471.246615] /dev/input/event3: 0003 0039 00000000
[    4471.246639] /dev/input/event3: 0003 0030 00000080
[    4471.246641] /dev/input/event3: 0003 003a 00000080
[    4471.246644] /dev/input/event3: 0003 0035 0000010f
[    4471.246647] /dev/input/event3: 0003 0036 000002c4
[    4471.246649] /dev/input/event3: 0000 0002 00000000
[    4471.246651] /dev/input/event3: 0000 0000 00000000
[    4471.256492] /dev/input/event3: 0003 0039 00000000
[    4471.256525] /dev/input/event3: 0003 0030 00000080
[    4471.256528] /dev/input/event3: 0003 003a 00000080
[    4471.256530] /dev/input/event3: 0003 0035 0000010e
[    4471.256533] /dev/input/event3: 0003 0036 000002c4
[    4471.256536] /dev/input/event3: 0000 0002 00000000
[    4471.256539] /dev/input/event3: 0000 0000 00000000
[    4471.276624] /dev/input/event3: 0003 0039 00000000
[    4471.276679] /dev/input/event3: 0003 0030 00000080
[    4471.276683] /dev/input/event3: 0003 003a 00000080
[    4471.276685] /dev/input/event3: 0003 0035 0000010e
[    4471.276688] /dev/input/event3: 0003 0036 000002c5
[    4471.276691] /dev/input/event3: 0000 0002 00000000
[    4471.276694] /dev/input/event3: 0000 0000 00000000
[    4471.306596] /dev/input/event3: 0003 0039 00000000
[    4471.306636] /dev/input/event3: 0003 0030 00000080
[    4471.306639] /dev/input/event3: 0003 003a 00000080
[    4471.306642] /dev/input/event3: 0003 0035 0000010e
[    4471.306644] /dev/input/event3: 0003 0036 000002c6
[    4471.306647] /dev/input/event3: 0000 0002 00000000
[    4471.306649] /dev/input/event3: 0000 0000 00000000
[    4471.337218] /dev/input/event3: 0003 0039 00000000
[    4471.337237] /dev/input/event3: 0003 0030 00000080
[    4471.337240] /dev/input/event3: 0003 003a 00000080
[    4471.337243] /dev/input/event3: 0003 0035 0000010d
[    4471.337245] /dev/input/event3: 0003 0036 000002c7
[    4471.337248] /dev/input/event3: 0000 0002 00000000
[    4471.337250] /dev/input/event3: 0000 0000 00000000
[    4471.377334] /dev/input/event3: 0003 0039 00000000
[    4471.377359] /dev/input/event3: 0003 0030 00000060
[    4471.377361] /dev/input/event3: 0003 003a 00000060
[    4471.377364] /dev/input/event3: 0003 0035 0000010d
[    4471.377367] /dev/input/event3: 0003 0036 000002c8
[    4471.377369] /dev/input/event3: 0000 0002 00000000
[    4471.377372] /dev/input/event3: 0000 0000 00000000
[    4471.407435] /dev/input/event3: 0003 0039 00000000
[    4471.407476] /dev/input/event3: 0003 0030 00000060
[    4471.407478] /dev/input/event3: 0003 003a 00000060
[    4471.407482] /dev/input/event3: 0003 0035 0000010d
[    4471.407484] /dev/input/event3: 0003 0036 000002c9
[    4471.407487] /dev/input/event3: 0000 0002 00000000
[    4471.407489] /dev/input/event3: 0000 0000 00000000
[    4471.437538] /dev/input/event3: 0003 0039 00000000
[    4471.437576] /dev/input/event3: 0003 0030 00000060
[    4471.437579] /dev/input/event3: 0003 003a 00000060
[    4471.437582] /dev/input/event3: 0003 0035 0000010c
[    4471.437593] /dev/input/event3: 0003 0036 000002ca
[    4471.437596] /dev/input/event3: 0000 0002 00000000
[    4471.437598] /dev/input/event3: 0000 0000 00000000
[    4471.487717] /dev/input/event3: 0003 0039 00000000
[    4471.487752] /dev/input/event3: 0003 0030 00000060
[    4471.487755] /dev/input/event3: 0003 003a 00000060
[    4471.487758] /dev/input/event3: 0003 0035 0000010c
[    4471.487760] /dev/input/event3: 0003 0036 000002cb
[    4471.487763] /dev/input/event3: 0000 0002 00000000
[    4471.487765] /dev/input/event3: 0000 0000 00000000
[    4471.527769] /dev/input/event3: 0003 0039 00000000
[    4471.527812] /dev/input/event3: 0003 0030 00000060
[    4471.527816] /dev/input/event3: 0003 003a 00000060
[    4471.527818] /dev/input/event3: 0003 0035 0000010c
[    4471.527821] /dev/input/event3: 0003 0036 000002cc
[    4471.527824] /dev/input/event3: 0000 0002 00000000
[    4471.527826] /dev/input/event3: 0000 0000 00000000
[    4471.568393] /dev/input/event3: 0003 0039 00000000
[    4471.568414] /dev/input/event3: 0003 0030 00000060
[    4471.568416] /dev/input/event3: 0003 003a 00000060
[    4471.568419] /dev/input/event3: 0003 0035 0000010c
[    4471.568422] /dev/input/event3: 0003 0036 000002cd
[    4471.568425] /dev/input/event3: 0000 0002 00000000
[    4471.568427] /dev/input/event3: 0000 0000 00000000
[    4471.608496] /dev/input/event3: 0003 0039 00000000
[    4471.608518] /dev/input/event3: 0003 0030 00000060
[    4471.608520] /dev/input/event3: 0003 003a 00000060
[    4471.608523] /dev/input/event3: 0003 0035 0000010c
[    4471.608526] /dev/input/event3: 0003 0036 000002ce
[    4471.608528] /dev/input/event3: 0000 0002 00000000
[    4471.608531] /dev/input/event3: 0000 0000 00000000
[    4471.658628] /dev/input/event3: 0003 0039 00000000
[    4471.658653] /dev/input/event3: 0003 0030 00000060
[    4471.658655] /dev/input/event3: 0003 003a 00000060
[    4471.658658] /dev/input/event3: 0003 0035 0000010c
[    4471.658661] /dev/input/event3: 0003 0036 000002cf
[    4471.658663] /dev/input/event3: 0000 0002 00000000
[    4471.658666] /dev/input/event3: 0000 0000 00000000
[    4471.668650] /dev/input/event3: 0003 0039 00000000
[    4471.668669] /dev/input/event3: 0003 0030 00000060
[    4471.668671] /dev/input/event3: 0003 003a 00000060
[    4471.668674] /dev/input/event3: 0003 0035 0000010b
[    4471.668677] /dev/input/event3: 0003 0036 000002cf
[    4471.668679] /dev/input/event3: 0000 0002 00000000
[    4471.668682] /dev/input/event3: 0000 0000 00000000
[    4471.698744] /dev/input/event3: 0003 0039 00000000
[    4471.698763] /dev/input/event3: 0003 0030 00000060
[    4471.698766] /dev/input/event3: 0003 003a 00000060
[    4471.698769] /dev/input/event3: 0003 0035 0000010b
[    4471.698771] /dev/input/event3: 0003 0036 000002d0
[    4471.698774] /dev/input/event3: 0000 0002 00000000
[    4471.698776] /dev/input/event3: 0000 0000 00000000
[    4471.747711] /dev/input/event3: 0000 0002 00000000
[    4471.747730] /dev/input/event3: 0000 0000 00000000
[    4473.348311] /dev/input/event3: 0003 0039 00000000
[    4473.348349] /dev/input/event3: 0003 0030 000000a0
[    4473.348356] /dev/input/event3: 0003 003a 000000a0
[    4473.348363] /dev/input/event3: 0003 0035 0000016f
[    4473.348369] /dev/input/event3: 0003 0036 0000023e
[    4473.348376] /dev/input/event3: 0000 0002 00000000
[    4473.348381] /dev/input/event3: 0000 0000 00000000
[    4473.457543] /dev/input/event3: 0000 0002 00000000
[    4473.457561] /dev/input/event3: 0000 0000 00000000
