[   10343.230449] /dev/input/event3: 0003 0039 00000000
[   10343.230574] /dev/input/event3: 0003 0030 00000060
[   10343.230601] /dev/input/event3: 0003 003a 00000060
[   10343.230633] /dev/input/event3: 0003 0035 00000127
[   10343.230663] /dev/input/event3: 0003 0036 00000318
[   10343.230691] /dev/input/event3: 0000 0002 00000000
[   10343.230714] /dev/input/event3: 0000 0000 00000000
[   10343.288812] /dev/input/event3: 0003 0039 00000000
[   10343.288851] /dev/input/event3: 0003 0030 00000040
[   10343.288859] /dev/input/event3: 0003 003a 00000040
[   10343.288867] /dev/input/event3: 0003 0035 00000144
[   10343.288876] /dev/input/event3: 0003 0036 00000319
[   10343.288884] /dev/input/event3: 0000 0002 00000000
[   10343.288891] /dev/input/event3: 0000 0000 00000000
[   10343.298789] /dev/input/event3: 0003 0039 00000000
[   10343.298814] /dev/input/event3: 0003 0030 00000080
[   10343.298819] /dev/input/event3: 0003 003a 00000080
[   10343.298824] /dev/input/event3: 0003 0035 00000154
[   10343.298829] /dev/input/event3: 0003 0036 0000031b
[   10343.298834] /dev/input/event3: 0000 0002 00000000
[   10343.298839] /dev/input/event3: 0000 0000 00000000
[   10343.308829] /dev/input/event3: 0003 0039 00000000
[   10343.308852] /dev/input/event3: 0003 0030 00000080
[   10343.308857] /dev/input/event3: 0003 003a 00000080
[   10343.308862] /dev/input/event3: 0003 0035 00000167
[   10343.308867] /dev/input/event3: 0003 0036 0000031c
[   10343.308873] /dev/input/event3: 0000 0002 00000000
[   10343.308877] /dev/input/event3: 0000 0000 00000000
[   10343.318942] /dev/input/event3: 0003 0039 00000000
[   10343.318982] /dev/input/event3: 0003 0030 00000060
[   10343.318988] /dev/input/event3: 0003 003a 00000060
[   10343.318993] /dev/input/event3: 0003 0035 0000017c
[   10343.318998] /dev/input/event3: 0003 0036 0000031d
[   10343.319004] /dev/input/event3: 0000 0002 00000000
[   10343.319008] /dev/input/event3: 0000 0000 00000000
[   10343.328956] /dev/input/event3: 0003 0039 00000000
[   10343.328993] /dev/input/event3: 0003 0030 00000040
[   10343.328998] /dev/input/event3: 0003 003a 00000040
[   10343.329004] /dev/input/event3: 0003 0035 0000018a
[   10343.329009] /dev/input/event3: 0003 0036 0000031e
[   10343.329014] /dev/input/event3: 0000 0002 00000000
[   10343.329019] /dev/input/event3: 0000 0000 00000000
[   10343.339005] /dev/input/event3: 0003 0039 00000000
[   10343.339046] /dev/input/event3: 0003 0030 00000080
[   10343.339051] /dev/input/event3: 0003 003a 00000080
[   10343.339057] /dev/input/event3: 0003 0035 00000196
[   10343.339062] /dev/input/event3: 0003 0036 0000031e
[   10343.339067] /dev/input/event3: 0000 0002 00000000
[   10343.339072] /dev/input/event3: 0000 0000 00000000
[   10343.348943] /dev/input/event3: 0003 0039 00000000
[   10343.348968] /dev/input/event3: 0003 0030 00000080
[   10343.348973] /dev/input/event3: 0003 003a 00000080
[   10343.348978] /dev/input/event3: 0003 0035 000001a8
[   10343.348983] /dev/input/event3: 0003 0036 0000031e
[   10343.348988] /dev/input/event3: 0000 0002 00000000
[   10343.349009] /dev/input/event3: 0000 0000 00000000
[   10343.358989] /dev/input/event3: 0003 0039 00000000
[   10343.359015] /dev/input/event3: 0003 0030 00000040
[   10343.359020] /dev/input/event3: 0003 003a 00000040
[   10343.359025] /dev/input/event3: 0003 0035 000001b8
[   10343.359030] /dev/input/event3: 0003 0036 0000031e
[   10343.359035] /dev/input/event3: 0000 0002 00000000
[   10343.359040] /dev/input/event3: 0000 0000 00000000
[   10343.368996] /dev/input/event3: 0003 0039 00000000
[   10343.369021] /dev/input/event3: 0003 0030 00000080
[   10343.369026] /dev/input/event3: 0003 003a 00000080
[   10343.369031] /dev/input/event3: 0003 0035 000001c6
[   10343.369037] /dev/input/event3: 0003 0036 0000031e
[   10343.369042] /dev/input/event3: 0000 0002 00000000
[   10343.369046] /dev/input/event3: 0000 0000 00000000
[   10343.379038] /dev/input/event3: 0003 0039 00000000
[   10343.379062] /dev/input/event3: 0003 0030 00000080
[   10343.379067] /dev/input/event3: 0003 003a 00000080
[   10343.379073] /dev/input/event3: 0003 0035 000001de
[   10343.379078] /dev/input/event3: 0003 0036 0000031e
[   10343.379083] /dev/input/event3: 0000 0002 00000000
[   10343.379088] /dev/input/event3: 0000 0000 00000000
[   10343.389098] /dev/input/event3: 0003 0039 00000000
[   10343.389125] /dev/input/event3: 0003 0030 00000040
[   10343.389130] /dev/input/event3: 0003 003a 00000040
[   10343.389136] /dev/input/event3: 0003 0035 000001ee
[   10343.389141] /dev/input/event3: 0003 0036 0000031e
[   10343.389146] /dev/input/event3: 0000 0002 00000000
[   10343.389150] /dev/input/event3: 0000 0000 00000000
[   10343.399166] /dev/input/event3: 0003 0039 00000000
[   10343.399208] /dev/input/event3: 0003 0030 00000080
[   10343.399213] /dev/input/event3: 0003 003a 00000080
[   10343.399218] /dev/input/event3: 0003 0035 000001fe
[   10343.399224] /dev/input/event3: 0003 0036 0000031e
[   10343.399229] /dev/input/event3: 0000 0002 00000000
[   10343.399233] /dev/input/event3: 0000 0000 00000000
[   10343.409164] /dev/input/event3: 0003 0039 00000000
[   10343.409191] /dev/input/event3: 0003 0030 00000080
[   10343.409196] /dev/input/event3: 0003 003a 00000080
[   10343.409201] /dev/input/event3: 0003 0035 00000215
[   10343.409206] /dev/input/event3: 0003 0036 0000031f
[   10343.409211] /dev/input/event3: 0000 0002 00000000
[   10343.409216] /dev/input/event3: 0000 0000 00000000
[   10343.419760] /dev/input/event3: 0003 0039 00000000
[   10343.419811] /dev/input/event3: 0003 0030 00000040
[   10343.419817] /dev/input/event3: 0003 003a 00000040
[   10343.419822] /dev/input/event3: 0003 0035 00000228
[   10343.419827] /dev/input/event3: 0003 0036 0000031f
[   10343.419833] /dev/input/event3: 0000 0002 00000000
[   10343.419838] /dev/input/event3: 0000 0000 00000000
[   10343.429801] /dev/input/event3: 0003 0039 00000000
[   10343.429841] /dev/input/event3: 0003 0030 00000080
[   10343.429846] /dev/input/event3: 0003 003a 00000080
[   10343.429852] /dev/input/event3: 0003 0035 0000023b
[   10343.429858] /dev/input/event3: 0003 0036 00000320
[   10343.429863] /dev/input/event3: 0000 0002 00000000
[   10343.429867] /dev/input/event3: 0000 0000 00000000
[   10343.439844] /dev/input/event3: 0003 0039 00000000
[   10343.439887] /dev/input/event3: 0003 0030 00000060
[   10343.439892] /dev/input/event3: 0003 003a 00000060
[   10343.439897] /dev/input/event3: 0003 0035 00000250
[   10343.439902] /dev/input/event3: 0003 0036 00000320
[   10343.439908] /dev/input/event3: 0000 0002 00000000
[   10343.439912] /dev/input/event3: 0000 0000 00000000
[   10343.449808] /dev/input/event3: 0003 0039 00000000
[   10343.449836] /dev/input/event3: 0003 0030 00000080
[   10343.449841] /dev/input/event3: 0003 003a 00000080
[   10343.449846] /dev/input/event3: 0003 0035 0000025f
[   10343.449852] /dev/input/event3: 0003 0036 00000320
[   10343.449857] /dev/input/event3: 0000 0002 00000000
[   10343.449861] /dev/input/event3: 0000 0000 00000000
[   10343.459861] /dev/input/event3: 0003 0039 00000000
[   10343.459899] /dev/input/event3: 0003 0030 00000080
[   10343.459905] /dev/input/event3: 0003 003a 00000080
[   10343.459910] /dev/input/event3: 0003 0035 00000275
[   10343.459915] /dev/input/event3: 0003 0036 00000321
[   10343.459920] /dev/input/event3: 0000 0002 00000000
[   10343.459925] /dev/input/event3: 0000 0000 00000000
[   10343.469901] /dev/input/event3: 0003 0039 00000000
[   10343.469941] /dev/input/event3: 0003 0030 00000040
[   10343.469947] /dev/input/event3: 0003 003a 00000040
[   10343.469953] /dev/input/event3: 0003 0035 0000028a
[   10343.469958] /dev/input/event3: 0003 0036 00000320
[   10343.469963] /dev/input/event3: 0000 0002 00000000
[   10343.469968] /dev/input/event3: 0000 0000 00000000
[   10343.479888] /dev/input/event3: 0003 0039 00000000
[   10343.479913] /dev/input/event3: 0003 0030 00000080
[   10343.479918] /dev/input/event3: 0003 003a 00000080
[   10343.479923] /dev/input/event3: 0003 0035 0000029d
[   10343.479928] /dev/input/event3: 0003 0036 0000031f
[   10343.479933] /dev/input/event3: 0000 0002 00000000
[   10343.479938] /dev/input/event3: 0000 0000 00000000
[   10343.489964] /dev/input/event3: 0003 0039 00000000
[   10343.490110] /dev/input/event3: 0003 0030 00000060
[   10343.490116] /dev/input/event3: 0003 003a 00000060
[   10343.490122] /dev/input/event3: 0003 0035 000002b3
[   10343.490127] /dev/input/event3: 0003 0036 0000031f
[   10343.490132] /dev/input/event3: 0000 0002 00000000
[   10343.490137] /dev/input/event3: 0000 0000 00000000
[   10343.499949] /dev/input/event3: 0003 0039 00000000
[   10343.499976] /dev/input/event3: 0003 0030 00000040
[   10343.499981] /dev/input/event3: 0003 003a 00000040
[   10343.499986] /dev/input/event3: 0003 0035 000002c4
[   10343.499992] /dev/input/event3: 0003 0036 0000031f
[   10343.499997] /dev/input/event3: 0000 0002 00000000
[   10343.500001] /dev/input/event3: 0000 0000 00000000
[   10343.510124] /dev/input/event3: 0003 0039 00000000
[   10343.510167] /dev/input/event3: 0003 0030 00000080
[   10343.510173] /dev/input/event3: 0003 003a 00000080
[   10343.510179] /dev/input/event3: 0003 0035 000002d5
[   10343.510184] /dev/input/event3: 0003 0036 0000031f
[   10343.510189] /dev/input/event3: 0000 0002 00000000
[   10343.510193] /dev/input/event3: 0000 0000 00000000
[   10343.520106] /dev/input/event3: 0003 0039 00000000
[   10343.520142] /dev/input/event3: 0003 0030 00000060
[   10343.520145] /dev/input/event3: 0003 003a 00000060
[   10343.520148] /dev/input/event3: 0003 0035 000002ea
[   10343.520151] /dev/input/event3: 0003 0036 0000031e
[   10343.520154] /dev/input/event3: 0000 0002 00000000
[   10343.520156] /dev/input/event3: 0000 0000 00000000
[   10343.530157] /dev/input/event3: 0003 0039 00000000
[   10343.530178] /dev/input/event3: 0003 0030 00000080
[   10343.530181] /dev/input/event3: 0003 003a 00000080
[   10343.530184] /dev/input/event3: 0003 0035 000002f8
[   10343.530187] /dev/input/event3: 0003 0036 0000031d
[   10343.530190] /dev/input/event3: 0000 0002 00000000
[   10343.530193] /dev/input/event3: 0000 0000 00000000
[   10343.540116] /dev/input/event3: 0003 0039 00000000
[   10343.540148] /dev/input/event3: 0003 0030 00000080
[   10343.540150] /dev/input/event3: 0003 003a 00000080
[   10343.540153] /dev/input/event3: 0003 0035 0000030f
[   10343.540156] /dev/input/event3: 0003 0036 0000031d
[   10343.540158] /dev/input/event3: 0000 0002 00000000
[   10343.540160] /dev/input/event3: 0000 0000 00000000
[   10343.550126] /dev/input/event3: 0003 0039 00000000
[   10343.550151] /dev/input/event3: 0003 0030 00000060
[   10343.550153] /dev/input/event3: 0003 003a 00000060
[   10343.550156] /dev/input/event3: 0003 0035 00000323
[   10343.550159] /dev/input/event3: 0003 0036 0000031d
[   10343.550161] /dev/input/event3: 0000 0002 00000000
[   10343.550164] /dev/input/event3: 0000 0000 00000000
[   10343.560154] /dev/input/event3: 0003 0039 00000000
[   10343.560183] /dev/input/event3: 0003 0030 00000080
[   10343.560187] /dev/input/event3: 0003 003a 00000080
[   10343.560189] /dev/input/event3: 0003 0035 00000331
[   10343.560192] /dev/input/event3: 0003 0036 0000031c
[   10343.560195] /dev/input/event3: 0000 0002 00000000
[   10343.560197] /dev/input/event3: 0000 0000 00000000
[   10343.570189] /dev/input/event3: 0003 0039 00000000
[   10343.570221] /dev/input/event3: 0003 0030 00000080
[   10343.570223] /dev/input/event3: 0003 003a 00000080
[   10343.570226] /dev/input/event3: 0003 0035 00000342
[   10343.570229] /dev/input/event3: 0003 0036 0000031c
[   10343.570231] /dev/input/event3: 0000 0002 00000000
[   10343.570234] /dev/input/event3: 0000 0000 00000000
[   10343.580261] /dev/input/event3: 0003 0039 00000000
[   10343.580296] /dev/input/event3: 0003 0030 00000060
[   10343.580299] /dev/input/event3: 0003 003a 00000060
[   10343.580302] /dev/input/event3: 0003 0035 00000354
[   10343.580304] /dev/input/event3: 0003 0036 0000031c
[   10343.580307] /dev/input/event3: 0000 0002 00000000
[   10343.580309] /dev/input/event3: 0000 0000 00000000
[   10343.590296] /dev/input/event3: 0003 0039 00000000
[   10343.590337] /dev/input/event3: 0003 0030 00000080
[   10343.590340] /dev/input/event3: 0003 003a 00000080
[   10343.590342] /dev/input/event3: 0003 0035 00000363
[   10343.590345] /dev/input/event3: 0003 0036 0000031b
[   10343.590348] /dev/input/event3: 0000 0002 00000000
[   10343.590350] /dev/input/event3: 0000 0000 00000000
[   10343.600291] /dev/input/event3: 0003 0039 00000000
[   10343.600329] /dev/input/event3: 0003 0030 00000080
[   10343.600332] /dev/input/event3: 0003 003a 00000080
[   10343.600334] /dev/input/event3: 0003 0035 00000376
[   10343.600337] /dev/input/event3: 0003 0036 0000031b
[   10343.600339] /dev/input/event3: 0000 0002 00000000
[   10343.600342] /dev/input/event3: 0000 0000 00000000
[   10343.610326] /dev/input/event3: 0003 0039 00000000
[   10343.610355] /dev/input/event3: 0003 0030 00000060
[   10343.610357] /dev/input/event3: 0003 003a 00000060
[   10343.610360] /dev/input/event3: 0003 0035 00000387
[   10343.610363] /dev/input/event3: 0003 0036 0000031a
[   10343.610365] /dev/input/event3: 0000 0002 00000000
[   10343.610368] /dev/input/event3: 0000 0000 00000000
[   10343.620971] /dev/input/event3: 0003 0039 00000000
[   10343.621012] /dev/input/event3: 0003 0030 00000060
[   10343.621015] /dev/input/event3: 0003 003a 00000060
[   10343.621018] /dev/input/event3: 0003 0035 00000392
[   10343.621021] /dev/input/event3: 0003 0036 0000031a
[   10343.621023] /dev/input/event3: 0000 0002 00000000
[   10343.621026] /dev/input/event3: 0000 0000 00000000
[   10343.631012] /dev/input/event3: 0003 0039 00000000
[   10343.631044] /dev/input/event3: 0003 0030 00000080
[   10343.631046] /dev/input/event3: 0003 003a 00000080
[   10343.631049] /dev/input/event3: 0003 0035 0000039f
[   10343.631053] /dev/input/event3: 0003 0036 0000031a
[   10343.631055] /dev/input/event3: 0000 0002 00000000
[   10343.631058] /dev/input/event3: 0000 0000 00000000
[   10343.641031] /dev/input/event3: 0003 0039 00000000
[   10343.641067] /dev/input/event3: 0003 0030 00000060
[   10343.641070] /dev/input/event3: 0003 003a 00000060
[   10343.641073] /dev/input/event3: 0003 0035 000003b3
[   10343.641075] /dev/input/event3: 0003 0036 0000031a
[   10343.641078] /dev/input/event3: 0000 0002 00000000
[   10343.641080] /dev/input/event3: 0000 0000 00000000
[   10343.651039] /dev/input/event3: 0003 0039 00000000
[   10343.651069] /dev/input/event3: 0003 0030 00000040
[   10343.651072] /dev/input/event3: 0003 003a 00000040
[   10343.651075] /dev/input/event3: 0003 0035 000003c2
[   10343.651078] /dev/input/event3: 0003 0036 00000319
[   10343.651080] /dev/input/event3: 0000 0002 00000000
[   10343.651083] /dev/input/event3: 0000 0000 00000000
[   10343.661027] /dev/input/event3: 0003 0039 00000000
[   10343.661056] /dev/input/event3: 0003 0030 00000080
[   10343.661059] /dev/input/event3: 0003 003a 00000080
[   10343.661061] /dev/input/event3: 0003 0035 000003ce
[   10343.661064] /dev/input/event3: 0003 0036 00000319
[   10343.661066] /dev/input/event3: 0000 0002 00000000
[   10343.661069] /dev/input/event3: 0000 0000 00000000
[   10343.671062] /dev/input/event3: 0003 0039 00000000
[   10343.671099] /dev/input/event3: 0003 0030 00000060
[   10343.671101] /dev/input/event3: 0003 003a 00000060
[   10343.671104] /dev/input/event3: 0003 0035 000003dd
[   10343.671106] /dev/input/event3: 0003 0036 00000319
[   10343.671109] /dev/input/event3: 0000 0002 00000000
[   10343.671111] /dev/input/event3: 0000 0000 00000000
[   10343.681093] /dev/input/event3: 0003 0039 00000000
[   10343.681112] /dev/input/event3: 0003 0030 00000060
[   10343.681115] /dev/input/event3: 0003 003a 00000060
[   10343.681117] /dev/input/event3: 0003 0035 000003ee
[   10343.681120] /dev/input/event3: 0003 0036 00000318
[   10343.681122] /dev/input/event3: 0000 0002 00000000
[   10343.681125] /dev/input/event3: 0000 0000 00000000
[   10343.691205] /dev/input/event3: 0003 0039 00000000
[   10343.691241] /dev/input/event3: 0003 0030 00000060
[   10343.691244] /dev/input/event3: 0003 003a 00000060
[   10343.691246] /dev/input/event3: 0003 0035 000003f9
[   10343.691249] /dev/input/event3: 0003 0036 00000318
[   10343.691252] /dev/input/event3: 0000 0002 00000000
[   10343.691254] /dev/input/event3: 0000 0000 00000000
[   10343.701252] /dev/input/event3: 0003 0039 00000000
[   10343.701287] /dev/input/event3: 0003 0030 00000080
[   10343.701291] /dev/input/event3: 0003 003a 00000080
[   10343.701294] /dev/input/event3: 0003 0035 00000403
[   10343.701296] /dev/input/event3: 0003 0036 00000317
[   10343.701299] /dev/input/event3: 0000 0002 00000000
[   10343.701301] /dev/input/event3: 0000 0000 00000000
[   10343.711228] /dev/input/event3: 0003 0039 00000000
[   10343.711257] /dev/input/event3: 0003 0030 00000060
[   10343.711259] /dev/input/event3: 0003 003a 00000060
[   10343.711263] /dev/input/event3: 0003 0035 00000412
[   10343.711265] /dev/input/event3: 0003 0036 00000317
[   10343.711268] /dev/input/event3: 0000 0002 00000000
[   10343.711270] /dev/input/event3: 0000 0000 00000000
[   10343.721262] /dev/input/event3: 0003 0039 00000000
[   10343.721300] /dev/input/event3: 0003 0030 00000060
[   10343.721303] /dev/input/event3: 0003 003a 00000060
[   10343.721306] /dev/input/event3: 0003 0035 00000421
[   10343.721308] /dev/input/event3: 0003 0036 00000317
[   10343.721311] /dev/input/event3: 0000 0002 00000000
[   10343.721313] /dev/input/event3: 0000 0000 00000000
[   10343.731292] /dev/input/event3: 0003 0039 00000000
[   10343.731320] /dev/input/event3: 0003 0030 00000060
[   10343.731324] /dev/input/event3: 0003 003a 00000060
[   10343.731326] /dev/input/event3: 0003 0035 0000042d
[   10343.731329] /dev/input/event3: 0003 0036 00000317
[   10343.731331] /dev/input/event3: 0000 0002 00000000
[   10343.731334] /dev/input/event3: 0000 0000 00000000
[   10343.741430] /dev/input/event3: 0003 0039 00000000
[   10343.741461] /dev/input/event3: 0003 0030 00000080
[   10343.741464] /dev/input/event3: 0003 003a 00000080
[   10343.741466] /dev/input/event3: 0003 0035 0000043a
[   10343.741469] /dev/input/event3: 0003 0036 00000317
[   10343.741471] /dev/input/event3: 0000 0002 00000000
[   10343.741474] /dev/input/event3: 0000 0000 00000000
[   10343.751418] /dev/input/event3: 0003 0039 00000000
[   10343.751458] /dev/input/event3: 0003 0030 00000060
[   10343.751461] /dev/input/event3: 0003 003a 00000060
[   10343.751464] /dev/input/event3: 0003 0035 0000044a
[   10343.751466] /dev/input/event3: 0003 0036 00000317
[   10343.751469] /dev/input/event3: 0000 0002 00000000
[   10343.751471] /dev/input/event3: 0000 0000 00000000
[   10343.761452] /dev/input/event3: 0003 0039 00000000
[   10343.761484] /dev/input/event3: 0003 0030 00000060
[   10343.761487] /dev/input/event3: 0003 003a 00000060
[   10343.761490] /dev/input/event3: 0003 0035 00000457
[   10343.761492] /dev/input/event3: 0003 0036 00000316
[   10343.761495] /dev/input/event3: 0000 0002 00000000
[   10343.761497] /dev/input/event3: 0000 0000 00000000
[   10343.771515] /dev/input/event3: 0003 0039 00000000
[   10343.771553] /dev/input/event3: 0003 0030 00000060
[   10343.771555] /dev/input/event3: 0003 003a 00000060
[   10343.771560] /dev/input/event3: 0003 0035 0000045f
[   10343.771562] /dev/input/event3: 0003 0036 00000316
[   10343.771565] /dev/input/event3: 0000 0002 00000000
[   10343.771567] /dev/input/event3: 0000 0000 00000000
[   10343.781495] /dev/input/event3: 0003 0039 00000000
[   10343.781513] /dev/input/event3: 0003 0030 00000060
[   10343.781516] /dev/input/event3: 0003 003a 00000060
[   10343.781518] /dev/input/event3: 0003 0035 00000469
[   10343.781521] /dev/input/event3: 0003 0036 00000316
[   10343.781523] /dev/input/event3: 0000 0002 00000000
[   10343.781525] /dev/input/event3: 0000 0000 00000000
[   10343.791524] /dev/input/event3: 0003 0039 00000000
[   10343.791552] /dev/input/event3: 0003 0030 00000060
[   10343.791554] /dev/input/event3: 0003 003a 00000060
[   10343.791557] /dev/input/event3: 0003 0035 00000475
[   10343.791560] /dev/input/event3: 0003 0036 00000316
[   10343.791562] /dev/input/event3: 0000 0002 00000000
[   10343.791565] /dev/input/event3: 0000 0000 00000000
[   10343.801591] /dev/input/event3: 0003 0039 00000000
[   10343.801617] /dev/input/event3: 0003 0030 00000060
[   10343.801619] /dev/input/event3: 0003 003a 00000060
[   10343.801622] /dev/input/event3: 0003 0035 00000481
[   10343.801625] /dev/input/event3: 0003 0036 00000316
[   10343.801627] /dev/input/event3: 0000 0002 00000000
[   10343.801630] /dev/input/event3: 0000 0000 00000000
[   10343.814612] /dev/input/event3: 0003 0039 00000000
[   10343.814629] /dev/input/event3: 0003 0030 00000040
[   10343.814631] /dev/input/event3: 0003 003a 00000040
[   10343.814634] /dev/input/event3: 0003 0035 0000048b
[   10343.814637] /dev/input/event3: 0003 0036 00000315
[   10343.814639] /dev/input/event3: 0000 0002 00000000
[   10343.814641] /dev/input/event3: 0000 0000 00000000
[   10343.822151] /dev/input/event3: 0003 0039 00000000
[   10343.822179] /dev/input/event3: 0003 0030 00000060
[   10343.822182] /dev/input/event3: 0003 003a 00000060
[   10343.822185] /dev/input/event3: 0003 0035 00000495
[   10343.822188] /dev/input/event3: 0003 0036 00000315
[   10343.822190] /dev/input/event3: 0000 0002 00000000
[   10343.822193] /dev/input/event3: 0000 0000 00000000
[   10343.832160] /dev/input/event3: 0003 0039 00000000
[   10343.832190] /dev/input/event3: 0003 0030 00000060
[   10343.832193] /dev/input/event3: 0003 003a 00000060
[   10343.832196] /dev/input/event3: 0003 0035 0000049f
[   10343.832199] /dev/input/event3: 0003 0036 00000315
[   10343.832201] /dev/input/event3: 0000 0002 00000000
[   10343.832204] /dev/input/event3: 0000 0000 00000000
[   10343.842217] /dev/input/event3: 0003 0039 00000000
[   10343.842250] /dev/input/event3: 0003 0030 00000060
[   10343.842253] /dev/input/event3: 0003 003a 00000060
[   10343.842256] /dev/input/event3: 0003 0035 000004af
[   10343.842258] /dev/input/event3: 0003 0036 00000315
[   10343.842261] /dev/input/event3: 0000 0002 00000000
[   10343.842263] /dev/input/event3: 0000 0000 00000000
[   10343.852241] /dev/input/event3: 0003 0039 00000000
[   10343.852274] /dev/input/event3: 0003 0030 00000060
[   10343.852277] /dev/input/event3: 0003 003a 00000060
[   10343.852280] /dev/input/event3: 0003 0035 000004bc
[   10343.852283] /dev/input/event3: 0003 0036 00000315
[   10343.852285] /dev/input/event3: 0000 0002 00000000
[   10343.852288] /dev/input/event3: 0000 0000 00000000
[   10343.862268] /dev/input/event3: 0003 0039 00000000
[   10343.862296] /dev/input/event3: 0003 0030 00000040
[   10343.862298] /dev/input/event3: 0003 003a 00000040
[   10343.862301] /dev/input/event3: 0003 0035 000004c5
[   10343.862303] /dev/input/event3: 0003 0036 00000314
[   10343.862307] /dev/input/event3: 0000 0002 00000000
[   10343.862310] /dev/input/event3: 0000 0000 00000000
[   10343.872336] /dev/input/event3: 0003 0039 00000000
[   10343.872370] /dev/input/event3: 0003 0030 00000060
[   10343.872373] /dev/input/event3: 0003 003a 00000060
[   10343.872376] /dev/input/event3: 0003 0035 000004cb
[   10343.872379] /dev/input/event3: 0003 0036 00000314
[   10343.872381] /dev/input/event3: 0000 0002 00000000
[   10343.872384] /dev/input/event3: 0000 0000 00000000
[   10343.882306] /dev/input/event3: 0003 0039 00000000
[   10343.882336] /dev/input/event3: 0003 0030 00000040
[   10343.882339] /dev/input/event3: 0003 003a 00000040
[   10343.882341] /dev/input/event3: 0003 0035 000004d3
[   10343.882344] /dev/input/event3: 0003 0036 00000313
[   10343.882347] /dev/input/event3: 0000 0002 00000000
[   10343.882349] /dev/input/event3: 0000 0000 00000000
[   10343.892414] /dev/input/event3: 0003 0039 00000000
[   10343.892448] /dev/input/event3: 0003 0030 00000060
[   10343.892451] /dev/input/event3: 0003 003a 00000060
[   10343.892454] /dev/input/event3: 0003 0035 000004df
[   10343.892457] /dev/input/event3: 0003 0036 00000314
[   10343.892459] /dev/input/event3: 0000 0002 00000000
[   10343.892462] /dev/input/event3: 0000 0000 00000000
[   10343.902388] /dev/input/event3: 0003 0039 00000000
[   10343.902421] /dev/input/event3: 0003 0030 00000060
[   10343.902424] /dev/input/event3: 0003 003a 00000060
[   10343.902427] /dev/input/event3: 0003 0035 000004ea
[   10343.902429] /dev/input/event3: 0003 0036 00000314
[   10343.902432] /dev/input/event3: 0000 0002 00000000
[   10343.902434] /dev/input/event3: 0000 0000 00000000
[   10343.912384] /dev/input/event3: 0003 0039 00000000
[   10343.912400] /dev/input/event3: 0003 0030 00000040
[   10343.912402] /dev/input/event3: 0003 003a 00000040
[   10343.912405] /dev/input/event3: 0003 0035 000004f2
[   10343.912407] /dev/input/event3: 0003 0036 00000314
[   10343.912410] /dev/input/event3: 0000 0002 00000000
[   10343.912412] /dev/input/event3: 0000 0000 00000000
[   10343.922448] /dev/input/event3: 0003 0039 00000000
[   10343.922485] /dev/input/event3: 0003 0030 00000060
[   10343.922487] /dev/input/event3: 0003 003a 00000060
[   10343.922489] /dev/input/event3: 0003 0035 000004f9
[   10343.922492] /dev/input/event3: 0003 0036 00000313
[   10343.922495] /dev/input/event3: 0000 0002 00000000
[   10343.922497] /dev/input/event3: 0000 0000 00000000
[   10343.932505] /dev/input/event3: 0003 0039 00000000
[   10343.932541] /dev/input/event3: 0003 0030 00000060
[   10343.932544] /dev/input/event3: 0003 003a 00000060
[   10343.932547] /dev/input/event3: 0003 0035 00000500
[   10343.932549] /dev/input/event3: 0003 0036 00000313
[   10343.932552] /dev/input/event3: 0000 0002 00000000
[   10343.932554] /dev/input/event3: 0000 0000 00000000
[   10343.942554] /dev/input/event3: 0003 0039 00000000
[   10343.942589] /dev/input/event3: 0003 0030 00000060
[   10343.942592] /dev/input/event3: 0003 003a 00000060
[   10343.942595] /dev/input/event3: 0003 0035 0000050a
[   10343.942597] /dev/input/event3: 0003 0036 00000313
[   10343.942599] /dev/input/event3: 0000 0002 00000000
[   10343.942602] /dev/input/event3: 0000 0000 00000000
[   10343.952569] /dev/input/event3: 0003 0039 00000000
[   10343.952602] /dev/input/event3: 0003 0030 00000060
[   10343.952606] /dev/input/event3: 0003 003a 00000060
[   10343.952608] /dev/input/event3: 0003 0035 00000516
[   10343.952611] /dev/input/event3: 0003 0036 00000313
[   10343.952613] /dev/input/event3: 0000 0002 00000000
[   10343.952917] /dev/input/event3: 0000 0000 00000000
[   10343.962590] /dev/input/event3: 0003 0039 00000000
[   10343.962608] /dev/input/event3: 0003 0030 00000060
[   10343.962611] /dev/input/event3: 0003 003a 00000060
[   10343.962613] /dev/input/event3: 0003 0035 00000521
[   10343.962616] /dev/input/event3: 0003 0036 00000313
[   10343.962618] /dev/input/event3: 0000 0002 00000000
[   10343.962621] /dev/input/event3: 0000 0000 00000000
[   10343.972626] /dev/input/event3: 0003 0039 00000000
[   10343.972661] /dev/input/event3: 0003 0030 00000060
[   10343.972663] /dev/input/event3: 0003 003a 00000060
[   10343.972666] /dev/input/event3: 0003 0035 00000528
[   10343.972669] /dev/input/event3: 0003 0036 00000313
[   10343.972671] /dev/input/event3: 0000 0002 00000000
[   10343.972674] /dev/input/event3: 0000 0000 00000000
[   10343.982686] /dev/input/event3: 0003 0039 00000000
[   10343.982715] /dev/input/event3: 0003 0030 00000060
[   10343.982718] /dev/input/event3: 0003 003a 00000060
[   10343.982721] /dev/input/event3: 0003 0035 0000052d
[   10343.982723] /dev/input/event3: 0003 0036 00000313
[   10343.982726] /dev/input/event3: 0000 0002 00000000
[   10343.982728] /dev/input/event3: 0000 0000 00000000
[   10343.992783] /dev/input/event3: 0003 0039 00000000
[   10343.992814] /dev/input/event3: 0003 0030 00000060
[   10343.992816] /dev/input/event3: 0003 003a 00000060
[   10343.992819] /dev/input/event3: 0003 0035 00000531
[   10343.992821] /dev/input/event3: 0003 0036 00000312
[   10343.992824] /dev/input/event3: 0000 0002 00000000
[   10343.992826] /dev/input/event3: 0000 0000 00000000
[   10344.002740] /dev/input/event3: 0003 0039 00000000
[   10344.002775] /dev/input/event3: 0003 0030 00000060
[   10344.002777] /dev/input/event3: 0003 003a 00000060
[   10344.002780] /dev/input/event3: 0003 0035 00000534
[   10344.002782] /dev/input/event3: 0003 0036 00000312
[   10344.002785] /dev/input/event3: 0000 0002 00000000
[   10344.002788] /dev/input/event3: 0000 0000 00000000
[   10344.013307] /dev/input/event3: 0003 0039 00000000
[   10344.013325] /dev/input/event3: 0003 0030 00000060
[   10344.013327] /dev/input/event3: 0003 003a 00000060
[   10344.013330] /dev/input/event3: 0003 0035 00000538
[   10344.013333] /dev/input/event3: 0003 0036 00000312
[   10344.013335] /dev/input/event3: 0000 0002 00000000
[   10344.013337] /dev/input/event3: 0000 0000 00000000
[   10344.023370] /dev/input/event3: 0003 0039 00000000
[   10344.023403] /dev/input/event3: 0003 0030 00000060
[   10344.023406] /dev/input/event3: 0003 003a 00000060
[   10344.023409] /dev/input/event3: 0003 0035 0000053e
[   10344.023411] /dev/input/event3: 0003 0036 00000313
[   10344.023414] /dev/input/event3: 0000 0002 00000000
[   10344.023416] /dev/input/event3: 0000 0000 00000000
[   10344.033470] /dev/input/event3: 0003 0039 00000000
[   10344.033509] /dev/input/event3: 0003 0030 00000060
[   10344.033511] /dev/input/event3: 0003 003a 00000060
[   10344.033514] /dev/input/event3: 0003 0035 00000544
[   10344.033516] /dev/input/event3: 0003 0036 00000313
[   10344.033519] /dev/input/event3: 0000 0002 00000000
[   10344.033522] /dev/input/event3: 0000 0000 00000000
[   10344.043444] /dev/input/event3: 0003 0039 00000000
[   10344.043479] /dev/input/event3: 0003 0030 00000060
[   10344.043482] /dev/input/event3: 0003 003a 00000060
[   10344.043485] /dev/input/event3: 0003 0035 0000054b
[   10344.043487] /dev/input/event3: 0003 0036 00000313
[   10344.043490] /dev/input/event3: 0000 0002 00000000
[   10344.043492] /dev/input/event3: 0000 0000 00000000
[   10344.053499] /dev/input/event3: 0003 0039 00000000
[   10344.053536] /dev/input/event3: 0003 0030 00000060
[   10344.053538] /dev/input/event3: 0003 003a 00000060
[   10344.053541] /dev/input/event3: 0003 0035 00000552
[   10344.053544] /dev/input/event3: 0003 0036 00000313
[   10344.053546] /dev/input/event3: 0000 0002 00000000
[   10344.053549] /dev/input/event3: 0000 0000 00000000
[   10344.063482] /dev/input/event3: 0003 0039 00000000
[   10344.063498] /dev/input/event3: 0003 0030 00000060
[   10344.063501] /dev/input/event3: 0003 003a 00000060
[   10344.063504] /dev/input/event3: 0003 0035 00000557
[   10344.063506] /dev/input/event3: 0003 0036 00000313
[   10344.063509] /dev/input/event3: 0000 0002 00000000
[   10344.063511] /dev/input/event3: 0000 0000 00000000
[   10344.073577] /dev/input/event3: 0003 0039 00000000
[   10344.073609] /dev/input/event3: 0003 0030 00000060
[   10344.073612] /dev/input/event3: 0003 003a 00000060
[   10344.073614] /dev/input/event3: 0003 0035 0000055a
[   10344.073617] /dev/input/event3: 0003 0036 00000313
[   10344.073620] /dev/input/event3: 0000 0002 00000000
[   10344.073622] /dev/input/event3: 0000 0000 00000000
[   10344.083614] /dev/input/event3: 0003 0039 00000000
[   10344.083651] /dev/input/event3: 0003 0030 00000060
[   10344.083653] /dev/input/event3: 0003 003a 00000060
[   10344.083656] /dev/input/event3: 0003 0035 0000055d
[   10344.083658] /dev/input/event3: 0003 0036 00000313
[   10344.083661] /dev/input/event3: 0000 0002 00000000
[   10344.083664] /dev/input/event3: 0000 0000 00000000
[   10344.093597] /dev/input/event3: 0003 0039 00000000
[   10344.093619] /dev/input/event3: 0003 0030 00000040
[   10344.093622] /dev/input/event3: 0003 003a 00000040
[   10344.093624] /dev/input/event3: 0003 0035 00000560
[   10344.093627] /dev/input/event3: 0003 0036 00000313
[   10344.093629] /dev/input/event3: 0000 0002 00000000
[   10344.093632] /dev/input/event3: 0000 0000 00000000
[   10344.103639] /dev/input/event3: 0003 0039 00000000
[   10344.103673] /dev/input/event3: 0003 0030 00000020
[   10344.103676] /dev/input/event3: 0003 003a 00000020
[   10344.103679] /dev/input/event3: 0003 0035 00000561
[   10344.103681] /dev/input/event3: 0003 0036 00000314
[   10344.103684] /dev/input/event3: 0000 0002 00000000
[   10344.103687] /dev/input/event3: 0000 0000 00000000
[   10344.132520] /dev/input/event3: 0000 0002 00000000
[   10344.132561] /dev/input/event3: 0000 0000 00000000
[   10344.802416] /dev/input/event3: 0003 0039 00000000
[   10344.802458] /dev/input/event3: 0003 0030 00000040
[   10344.802464] /dev/input/event3: 0003 003a 00000040
[   10344.802469] /dev/input/event3: 0003 0035 00000589
[   10344.802474] /dev/input/event3: 0003 0036 0000033c
[   10344.802480] /dev/input/event3: 0000 0002 00000000
[   10344.802484] /dev/input/event3: 0000 0000 00000000
[   10344.862500] /dev/input/event3: 0003 0039 00000000
[   10344.862527] /dev/input/event3: 0003 0030 00000060
[   10344.862532] /dev/input/event3: 0003 003a 00000060
[   10344.862537] /dev/input/event3: 0003 0035 0000055c
[   10344.862542] /dev/input/event3: 0003 0036 0000033e
[   10344.862547] /dev/input/event3: 0000 0002 00000000
[   10344.862552] /dev/input/event3: 0000 0000 00000000
[   10344.872552] /dev/input/event3: 0003 0039 00000000
[   10344.872596] /dev/input/event3: 0003 0030 00000060
[   10344.872601] /dev/input/event3: 0003 003a 00000060
[   10344.872607] /dev/input/event3: 0003 0035 0000053c
[   10344.872612] /dev/input/event3: 0003 0036 0000033f
[   10344.872617] /dev/input/event3: 0000 0002 00000000
[   10344.872622] /dev/input/event3: 0000 0000 00000000
[   10344.882583] /dev/input/event3: 0003 0039 00000000
[   10344.882611] /dev/input/event3: 0003 0030 00000060
[   10344.882616] /dev/input/event3: 0003 003a 00000060
[   10344.882622] /dev/input/event3: 0003 0035 00000519
[   10344.882627] /dev/input/event3: 0003 0036 00000341
[   10344.882632] /dev/input/event3: 0000 0002 00000000
[   10344.882637] /dev/input/event3: 0000 0000 00000000
[   10344.892675] /dev/input/event3: 0003 0039 00000000
[   10344.892721] /dev/input/event3: 0003 0030 00000060
[   10344.892726] /dev/input/event3: 0003 003a 00000060
[   10344.892733] /dev/input/event3: 0003 0035 0000050e
[   10344.892738] /dev/input/event3: 0003 0036 00000341
[   10344.892743] /dev/input/event3: 0000 0002 00000000
[   10344.892747] /dev/input/event3: 0000 0000 00000000
[   10344.902667] /dev/input/event3: 0003 0039 00000000
[   10344.902702] /dev/input/event3: 0003 0030 00000060
[   10344.902707] /dev/input/event3: 0003 003a 00000060
[   10344.902713] /dev/input/event3: 0003 0035 000004f9
[   10344.902719] /dev/input/event3: 0003 0036 00000340
[   10344.902724] /dev/input/event3: 0000 0002 00000000
[   10344.902728] /dev/input/event3: 0000 0000 00000000
[   10344.912686] /dev/input/event3: 0003 0039 00000000
[   10344.912723] /dev/input/event3: 0003 0030 00000040
[   10344.912729] /dev/input/event3: 0003 003a 00000040
[   10344.912734] /dev/input/event3: 0003 0035 000004e9
[   10344.912739] /dev/input/event3: 0003 0036 00000340
[   10344.912744] /dev/input/event3: 0000 0002 00000000
[   10344.912749] /dev/input/event3: 0000 0000 00000000
[   10344.922705] /dev/input/event3: 0003 0039 00000000
[   10344.922742] /dev/input/event3: 0003 0030 00000060
[   10344.922748] /dev/input/event3: 0003 003a 00000060
[   10344.922753] /dev/input/event3: 0003 0035 000004d9
[   10344.922759] /dev/input/event3: 0003 0036 00000340
[   10344.922764] /dev/input/event3: 0000 0002 00000000
[   10344.922768] /dev/input/event3: 0000 0000 00000000
[   10344.932730] /dev/input/event3: 0003 0039 00000000
[   10344.932755] /dev/input/event3: 0003 0030 00000060
[   10344.932760] /dev/input/event3: 0003 003a 00000060
[   10344.932766] /dev/input/event3: 0003 0035 000004b9
[   10344.932771] /dev/input/event3: 0003 0036 0000033e
[   10344.932776] /dev/input/event3: 0000 0002 00000000
[   10344.932781] /dev/input/event3: 0000 0000 00000000
[   10344.942824] /dev/input/event3: 0003 0039 00000000
[   10344.942853] /dev/input/event3: 0003 0030 00000060
[   10344.942858] /dev/input/event3: 0003 003a 00000060
[   10344.942863] /dev/input/event3: 0003 0035 000004ab
[   10344.942869] /dev/input/event3: 0003 0036 0000033e
[   10344.942874] /dev/input/event3: 0000 0002 00000000
[   10344.942879] /dev/input/event3: 0000 0000 00000000
[   10344.952827] /dev/input/event3: 0003 0039 00000000
[   10344.952863] /dev/input/event3: 0003 0030 00000060
[   10344.952868] /dev/input/event3: 0003 003a 00000060
[   10344.952873] /dev/input/event3: 0003 0035 0000048d
[   10344.952879] /dev/input/event3: 0003 0036 0000033d
[   10344.952884] /dev/input/event3: 0000 0002 00000000
[   10344.952888] /dev/input/event3: 0000 0000 00000000
[   10344.962841] /dev/input/event3: 0003 0039 00000000
[   10344.962870] /dev/input/event3: 0003 0030 00000060
[   10344.962875] /dev/input/event3: 0003 003a 00000060
[   10344.962880] /dev/input/event3: 0003 0035 0000047c
[   10344.962885] /dev/input/event3: 0003 0036 0000033d
[   10344.962891] /dev/input/event3: 0000 0002 00000000
[   10344.962895] /dev/input/event3: 0000 0000 00000000
[   10344.973663] /dev/input/event3: 0003 0039 00000000
[   10344.973703] /dev/input/event3: 0003 0030 00000040
[   10344.973708] /dev/input/event3: 0003 003a 00000040
[   10344.973713] /dev/input/event3: 0003 0035 00000467
[   10344.973718] /dev/input/event3: 0003 0036 0000033d
[   10344.973724] /dev/input/event3: 0000 0002 00000000
[   10344.973729] /dev/input/event3: 0000 0000 00000000
[   10344.982849] /dev/input/event3: 0003 0039 00000000
[   10344.982884] /dev/input/event3: 0003 0030 00000060
[   10344.982887] /dev/input/event3: 0003 003a 00000060
[   10344.982890] /dev/input/event3: 0003 0035 0000044c
[   10344.982893] /dev/input/event3: 0003 0036 00000342
[   10344.982896] /dev/input/event3: 0000 0002 00000000
[   10344.982899] /dev/input/event3: 0000 0000 00000000
[   10344.992833] /dev/input/event3: 0003 0039 00000000
[   10344.992851] /dev/input/event3: 0003 0030 00000060
[   10344.992853] /dev/input/event3: 0003 003a 00000060
[   10344.992856] /dev/input/event3: 0003 0035 00000438
[   10344.992858] /dev/input/event3: 0003 0036 0000033e
[   10344.992861] /dev/input/event3: 0000 0002 00000000
[   10344.992863] /dev/input/event3: 0000 0000 00000000
[   10345.003474] /dev/input/event3: 0003 0039 00000000
[   10345.003507] /dev/input/event3: 0003 0030 00000060
[   10345.003509] /dev/input/event3: 0003 003a 00000060
[   10345.003512] /dev/input/event3: 0003 0035 0000041f
[   10345.003515] /dev/input/event3: 0003 0036 0000033d
[   10345.003517] /dev/input/event3: 0000 0002 00000000
[   10345.003520] /dev/input/event3: 0000 0000 00000000
[   10345.013508] /dev/input/event3: 0003 0039 00000000
[   10345.013542] /dev/input/event3: 0003 0030 00000060
[   10345.013545] /dev/input/event3: 0003 003a 00000060
[   10345.013548] /dev/input/event3: 0003 0035 00000412
[   10345.013550] /dev/input/event3: 0003 0036 0000033d
[   10345.013553] /dev/input/event3: 0000 0002 00000000
[   10345.013555] /dev/input/event3: 0000 0000 00000000
[   10345.023455] /dev/input/event3: 0003 0039 00000000
[   10345.023472] /dev/input/event3: 0003 0030 00000040
[   10345.023474] /dev/input/event3: 0003 003a 00000040
[   10345.023477] /dev/input/event3: 0003 0035 00000400
[   10345.023479] /dev/input/event3: 0003 0036 0000033c
[   10345.023482] /dev/input/event3: 0000 0002 00000000
[   10345.023484] /dev/input/event3: 0000 0000 00000000
[   10345.033512] /dev/input/event3: 0003 0039 00000000
[   10345.033530] /dev/input/event3: 0003 0030 00000080
[   10345.033533] /dev/input/event3: 0003 003a 00000080
[   10345.033536] /dev/input/event3: 0003 0035 000003e5
[   10345.033538] /dev/input/event3: 0003 0036 00000340
[   10345.033541] /dev/input/event3: 0000 0002 00000000
[   10345.033543] /dev/input/event3: 0000 0000 00000000
[   10345.043562] /dev/input/event3: 0003 0039 00000000
[   10345.043590] /dev/input/event3: 0003 0030 00000060
[   10345.043593] /dev/input/event3: 0003 003a 00000060
[   10345.043596] /dev/input/event3: 0003 0035 000003d5
[   10345.043598] /dev/input/event3: 0003 0036 0000033f
[   10345.043601] /dev/input/event3: 0000 0002 00000000
[   10345.043604] /dev/input/event3: 0000 0000 00000000
[   10345.053627] /dev/input/event3: 0003 0039 00000000
[   10345.053657] /dev/input/event3: 0003 0030 00000080
[   10345.053660] /dev/input/event3: 0003 003a 00000080
[   10345.053663] /dev/input/event3: 0003 0035 000003c0
[   10345.053666] /dev/input/event3: 0003 0036 0000033d
[   10345.053668] /dev/input/event3: 0000 0002 00000000
[   10345.053671] /dev/input/event3: 0000 0000 00000000
[   10345.063738] /dev/input/event3: 0003 0039 00000000
[   10345.063778] /dev/input/event3: 0003 0030 00000060
[   10345.063781] /dev/input/event3: 0003 003a 00000060
[   10345.063784] /dev/input/event3: 0003 0035 000003ae
[   10345.063786] /dev/input/event3: 0003 0036 0000033c
[   10345.063789] /dev/input/event3: 0000 0002 00000000
[   10345.063791] /dev/input/event3: 0000 0000 00000000
[   10345.073700] /dev/input/event3: 0003 0039 00000000
[   10345.073733] /dev/input/event3: 0003 0030 00000060
[   10345.073736] /dev/input/event3: 0003 003a 00000060
[   10345.073739] /dev/input/event3: 0003 0035 0000039e
[   10345.073741] /dev/input/event3: 0003 0036 0000033c
[   10345.073744] /dev/input/event3: 0000 0002 00000000
[   10345.073746] /dev/input/event3: 0000 0000 00000000
[   10345.083729] /dev/input/event3: 0003 0039 00000000
[   10345.083767] /dev/input/event3: 0003 0030 00000080
[   10345.083771] /dev/input/event3: 0003 003a 00000080
[   10345.083773] /dev/input/event3: 0003 0035 00000388
[   10345.083776] /dev/input/event3: 0003 0036 0000033c
[   10345.083778] /dev/input/event3: 0000 0002 00000000
[   10345.083781] /dev/input/event3: 0000 0000 00000000
[   10345.093727] /dev/input/event3: 0003 0039 00000000
[   10345.093757] /dev/input/event3: 0003 0030 00000060
[   10345.093760] /dev/input/event3: 0003 003a 00000060
[   10345.093763] /dev/input/event3: 0003 0035 00000379
[   10345.093765] /dev/input/event3: 0003 0036 0000033c
[   10345.093768] /dev/input/event3: 0000 0002 00000000
[   10345.093770] /dev/input/event3: 0000 0000 00000000
[   10345.103766] /dev/input/event3: 0003 0039 00000000
[   10345.103793] /dev/input/event3: 0003 0030 00000040
[   10345.103796] /dev/input/event3: 0003 003a 00000040
[   10345.103800] /dev/input/event3: 0003 0035 00000362
[   10345.103802] /dev/input/event3: 0003 0036 0000033b
[   10345.103805] /dev/input/event3: 0000 0002 00000000
[   10345.103807] /dev/input/event3: 0000 0000 00000000
[   10345.113878] /dev/input/event3: 0003 0039 00000000
[   10345.113918] /dev/input/event3: 0003 0030 00000080
[   10345.113921] /dev/input/event3: 0003 003a 00000080
[   10345.113924] /dev/input/event3: 0003 0035 0000034f
[   10345.113927] /dev/input/event3: 0003 0036 0000033d
[   10345.113929] /dev/input/event3: 0000 0002 00000000
[   10345.113932] /dev/input/event3: 0000 0000 00000000
[   10345.123814] /dev/input/event3: 0003 0039 00000000
[   10345.123831] /dev/input/event3: 0003 0030 00000060
[   10345.123834] /dev/input/event3: 0003 003a 00000060
[   10345.123837] /dev/input/event3: 0003 0035 00000341
[   10345.123839] /dev/input/event3: 0003 0036 0000033c
[   10345.123842] /dev/input/event3: 0000 0002 00000000
[   10345.123844] /dev/input/event3: 0000 0000 00000000
[   10345.133909] /dev/input/event3: 0003 0039 00000000
[   10345.133939] /dev/input/event3: 0003 0030 00000060
[   10345.133942] /dev/input/event3: 0003 003a 00000060
[   10345.133944] /dev/input/event3: 0003 0035 0000032a
[   10345.133947] /dev/input/event3: 0003 0036 0000033b
[   10345.133949] /dev/input/event3: 0000 0002 00000000
[   10345.133951] /dev/input/event3: 0000 0000 00000000
[   10345.143895] /dev/input/event3: 0003 0039 00000000
[   10345.143925] /dev/input/event3: 0003 0030 000000a0
[   10345.143928] /dev/input/event3: 0003 003a 000000a0
[   10345.143931] /dev/input/event3: 0003 0035 00000319
[   10345.143934] /dev/input/event3: 0003 0036 00000338
[   10345.143936] /dev/input/event3: 0000 0002 00000000
[   10345.143938] /dev/input/event3: 0000 0000 00000000
[   10345.153991] /dev/input/event3: 0003 0039 00000000
[   10345.154022] /dev/input/event3: 0003 0030 00000080
[   10345.154025] /dev/input/event3: 0003 003a 00000080
[   10345.154027] /dev/input/event3: 0003 0035 0000030c
[   10345.154030] /dev/input/event3: 0003 0036 00000338
[   10345.154033] /dev/input/event3: 0000 0002 00000000
[   10345.154035] /dev/input/event3: 0000 0000 00000000
[   10345.164062] /dev/input/event3: 0003 0039 00000000
[   10345.164096] /dev/input/event3: 0003 0030 00000060
[   10345.164099] /dev/input/event3: 0003 003a 00000060
[   10345.164102] /dev/input/event3: 0003 0035 000002fa
[   10345.164105] /dev/input/event3: 0003 0036 00000338
[   10345.164107] /dev/input/event3: 0000 0002 00000000
[   10345.164110] /dev/input/event3: 0000 0000 00000000
[   10345.173981] /dev/input/event3: 0003 0039 00000000
[   10345.174018] /dev/input/event3: 0003 0030 00000060
[   10345.174022] /dev/input/event3: 0003 003a 00000060
[   10345.174025] /dev/input/event3: 0003 0035 000002e9
[   10345.174027] /dev/input/event3: 0003 0036 00000337
[   10345.174030] /dev/input/event3: 0000 0002 00000000
[   10345.174032] /dev/input/event3: 0000 0000 00000000
[   10345.184058] /dev/input/event3: 0003 0039 00000000
[   10345.184095] /dev/input/event3: 0003 0030 00000060
[   10345.184098] /dev/input/event3: 0003 003a 00000060
[   10345.184101] /dev/input/event3: 0003 0035 000002db
[   10345.184103] /dev/input/event3: 0003 0036 00000335
[   10345.184106] /dev/input/event3: 0000 0002 00000000
[   10345.184108] /dev/input/event3: 0000 0000 00000000
[   10345.194046] /dev/input/event3: 0003 0039 00000000
[   10345.194073] /dev/input/event3: 0003 0030 00000060
[   10345.194076] /dev/input/event3: 0003 003a 00000060
[   10345.194078] /dev/input/event3: 0003 0035 000002ca
[   10345.194081] /dev/input/event3: 0003 0036 00000334
[   10345.194083] /dev/input/event3: 0000 0002 00000000
[   10345.194086] /dev/input/event3: 0000 0000 00000000
[   10345.204666] /dev/input/event3: 0003 0039 00000000
[   10345.204693] /dev/input/event3: 0003 0030 00000060
[   10345.204696] /dev/input/event3: 0003 003a 00000060
[   10345.204699] /dev/input/event3: 0003 0035 000002b7
[   10345.204702] /dev/input/event3: 0003 0036 00000332
[   10345.204704] /dev/input/event3: 0000 0002 00000000
[   10345.204707] /dev/input/event3: 0000 0000 00000000
[   10345.214730] /dev/input/event3: 0003 0039 00000000
[   10345.214772] /dev/input/event3: 0003 0030 00000060
[   10345.214774] /dev/input/event3: 0003 003a 00000060
[   10345.214777] /dev/input/event3: 0003 0035 000002a9
[   10345.214780] /dev/input/event3: 0003 0036 00000331
[   10345.214782] /dev/input/event3: 0000 0002 00000000
[   10345.214785] /dev/input/event3: 0000 0000 00000000
[   10345.224678] /dev/input/event3: 0003 0039 00000000
[   10345.224697] /dev/input/event3: 0003 0030 00000080
[   10345.224700] /dev/input/event3: 0003 003a 00000080
[   10345.224703] /dev/input/event3: 0003 0035 0000029a
[   10345.224705] /dev/input/event3: 0003 0036 0000032f
[   10345.224708] /dev/input/event3: 0000 0002 00000000
[   10345.224710] /dev/input/event3: 0000 0000 00000000
[   10345.234735] /dev/input/event3: 0003 0039 00000000
[   10345.234769] /dev/input/event3: 0003 0030 00000060
[   10345.234772] /dev/input/event3: 0003 003a 00000060
[   10345.234775] /dev/input/event3: 0003 0035 00000289
[   10345.234777] /dev/input/event3: 0003 0036 0000032e
[   10345.234780] /dev/input/event3: 0000 0002 00000000
[   10345.234782] /dev/input/event3: 0000 0000 00000000
[   10345.244760] /dev/input/event3: 0003 0039 00000000
[   10345.244794] /dev/input/event3: 0003 0030 00000080
[   10345.244796] /dev/input/event3: 0003 003a 00000080
[   10345.244799] /dev/input/event3: 0003 0035 00000279
[   10345.244801] /dev/input/event3: 0003 0036 0000032d
[   10345.244804] /dev/input/event3: 0000 0002 00000000
[   10345.244807] /dev/input/event3: 0000 0000 00000000
[   10345.254785] /dev/input/event3: 0003 0039 00000000
[   10345.254817] /dev/input/event3: 0003 0030 00000080
[   10345.254819] /dev/input/event3: 0003 003a 00000080
[   10345.254822] /dev/input/event3: 0003 0035 00000268
[   10345.254825] /dev/input/event3: 0003 0036 0000032c
[   10345.254827] /dev/input/event3: 0000 0002 00000000
[   10345.254830] /dev/input/event3: 0000 0000 00000000
[   10345.264870] /dev/input/event3: 0003 0039 00000000
[   10345.264913] /dev/input/event3: 0003 0030 00000060
[   10345.264915] /dev/input/event3: 0003 003a 00000060
[   10345.264919] /dev/input/event3: 0003 0035 00000253
[   10345.264921] /dev/input/event3: 0003 0036 0000032a
[   10345.264924] /dev/input/event3: 0000 0002 00000000
[   10345.264926] /dev/input/event3: 0000 0000 00000000
[   10345.274888] /dev/input/event3: 0003 0039 00000000
[   10345.274908] /dev/input/event3: 0003 0030 00000080
[   10345.274911] /dev/input/event3: 0003 003a 00000080
[   10345.274913] /dev/input/event3: 0003 0035 00000244
[   10345.274916] /dev/input/event3: 0003 0036 0000032a
[   10345.274918] /dev/input/event3: 0000 0002 00000000
[   10345.274921] /dev/input/event3: 0000 0000 00000000
[   10345.284879] /dev/input/event3: 0003 0039 00000000
[   10345.284915] /dev/input/event3: 0003 0030 00000080
[   10345.284918] /dev/input/event3: 0003 003a 00000080
[   10345.284920] /dev/input/event3: 0003 0035 00000234
[   10345.284923] /dev/input/event3: 0003 0036 00000329
[   10345.284925] /dev/input/event3: 0000 0002 00000000
[   10345.284927] /dev/input/event3: 0000 0000 00000000
[   10345.294891] /dev/input/event3: 0003 0039 00000000
[   10345.294925] /dev/input/event3: 0003 0030 00000060
[   10345.294929] /dev/input/event3: 0003 003a 00000060
[   10345.294932] /dev/input/event3: 0003 0035 00000222
[   10345.294934] /dev/input/event3: 0003 0036 00000328
[   10345.294937] /dev/input/event3: 0000 0002 00000000
[   10345.294939] /dev/input/event3: 0000 0000 00000000
[   10345.304950] /dev/input/event3: 0003 0039 00000000
[   10345.304983] /dev/input/event3: 0003 0030 00000080
[   10345.304986] /dev/input/event3: 0003 003a 00000080
[   10345.304989] /dev/input/event3: 0003 0035 00000213
[   10345.304992] /dev/input/event3: 0003 0036 00000329
[   10345.304994] /dev/input/event3: 0000 0002 00000000
[   10345.304997] /dev/input/event3: 0000 0000 00000000
[   10345.314973] /dev/input/event3: 0003 0039 00000000
[   10345.315004] /dev/input/event3: 0003 0030 00000080
[   10345.315006] /dev/input/event3: 0003 003a 00000080
[   10345.315009] /dev/input/event3: 0003 0035 000001fd
[   10345.315011] /dev/input/event3: 0003 0036 00000329
[   10345.315014] /dev/input/event3: 0000 0002 00000000
[   10345.315017] /dev/input/event3: 0000 0000 00000000
[   10345.324995] /dev/input/event3: 0003 0039 00000000
[   10345.325012] /dev/input/event3: 0003 0030 00000060
[   10345.325015] /dev/input/event3: 0003 003a 00000060
[   10345.325017] /dev/input/event3: 0003 0035 000001e9
[   10345.325020] /dev/input/event3: 0003 0036 00000329
[   10345.325022] /dev/input/event3: 0000 0002 00000000
[   10345.325025] /dev/input/event3: 0000 0000 00000000
[   10345.335085] /dev/input/event3: 0003 0039 00000000
[   10345.335113] /dev/input/event3: 0003 0030 00000080
[   10345.335116] /dev/input/event3: 0003 003a 00000080
[   10345.335119] /dev/input/event3: 0003 0035 000001db
[   10345.335121] /dev/input/event3: 0003 0036 0000032a
[   10345.335124] /dev/input/event3: 0000 0002 00000000
[   10345.335126] /dev/input/event3: 0000 0000 00000000
[   10345.345107] /dev/input/event3: 0003 0039 00000000
[   10345.345140] /dev/input/event3: 0003 0030 00000080
[   10345.345142] /dev/input/event3: 0003 003a 00000080
[   10345.345145] /dev/input/event3: 0003 0035 000001c9
[   10345.345148] /dev/input/event3: 0003 0036 0000032a
[   10345.345150] /dev/input/event3: 0000 0002 00000000
[   10345.345153] /dev/input/event3: 0000 0000 00000000
[   10345.355170] /dev/input/event3: 0003 0039 00000000
[   10345.355205] /dev/input/event3: 0003 0030 00000060
[   10345.355207] /dev/input/event3: 0003 003a 00000060
[   10345.355210] /dev/input/event3: 0003 0035 000001b4
[   10345.355212] /dev/input/event3: 0003 0036 0000032c
[   10345.355215] /dev/input/event3: 0000 0002 00000000
[   10345.355218] /dev/input/event3: 0000 0000 00000000
[   10345.365175] /dev/input/event3: 0003 0039 00000000
[   10345.365208] /dev/input/event3: 0003 0030 00000080
[   10345.365211] /dev/input/event3: 0003 003a 00000080
[   10345.365213] /dev/input/event3: 0003 0035 000001a4
[   10345.365216] /dev/input/event3: 0003 0036 0000032c
[   10345.365218] /dev/input/event3: 0000 0002 00000000
[   10345.365221] /dev/input/event3: 0000 0000 00000000
[   10345.375216] /dev/input/event3: 0003 0039 00000000
[   10345.375251] /dev/input/event3: 0003 0030 00000060
[   10345.375254] /dev/input/event3: 0003 003a 00000060
[   10345.375257] /dev/input/event3: 0003 0035 0000018e
[   10345.375259] /dev/input/event3: 0003 0036 0000032e
[   10345.375262] /dev/input/event3: 0000 0002 00000000
[   10345.375264] /dev/input/event3: 0000 0000 00000000
[   10345.385256] /dev/input/event3: 0003 0039 00000000
[   10345.385284] /dev/input/event3: 0003 0030 00000060
[   10345.385287] /dev/input/event3: 0003 003a 00000060
[   10345.385289] /dev/input/event3: 0003 0035 0000017c
[   10345.385292] /dev/input/event3: 0003 0036 0000032f
[   10345.385294] /dev/input/event3: 0000 0002 00000000
[   10345.385297] /dev/input/event3: 0000 0000 00000000
[   10345.395837] /dev/input/event3: 0003 0039 00000000
[   10345.395876] /dev/input/event3: 0003 0030 00000080
[   10345.395879] /dev/input/event3: 0003 003a 00000080
[   10345.395881] /dev/input/event3: 0003 0035 0000016e
[   10345.395884] /dev/input/event3: 0003 0036 00000330
[   10345.395886] /dev/input/event3: 0000 0002 00000000
[   10345.395889] /dev/input/event3: 0000 0000 00000000
[   10345.405842] /dev/input/event3: 0003 0039 00000000
[   10345.405871] /dev/input/event3: 0003 0030 00000060
[   10345.405873] /dev/input/event3: 0003 003a 00000060
[   10345.405876] /dev/input/event3: 0003 0035 00000158
[   10345.405879] /dev/input/event3: 0003 0036 00000332
[   10345.405881] /dev/input/event3: 0000 0002 00000000
[   10345.405884] /dev/input/event3: 0000 0000 00000000
[   10345.415899] /dev/input/event3: 0003 0039 00000000
[   10345.415933] /dev/input/event3: 0003 0030 00000060
[   10345.415936] /dev/input/event3: 0003 003a 00000060
[   10345.415938] /dev/input/event3: 0003 0035 00000146
[   10345.415941] /dev/input/event3: 0003 0036 00000334
[   10345.415943] /dev/input/event3: 0000 0002 00000000
[   10345.415946] /dev/input/event3: 0000 0000 00000000
[   10345.425933] /dev/input/event3: 0003 0039 00000000
[   10345.425962] /dev/input/event3: 0003 0030 00000040
[   10345.425965] /dev/input/event3: 0003 003a 00000040
[   10345.425967] /dev/input/event3: 0003 0035 00000134
[   10345.425970] /dev/input/event3: 0003 0036 00000335
[   10345.425972] /dev/input/event3: 0000 0002 00000000
[   10345.425975] /dev/input/event3: 0000 0000 00000000
[   10345.436033] /dev/input/event3: 0003 0039 00000000
[   10345.436073] /dev/input/event3: 0003 0030 00000060
[   10345.436076] /dev/input/event3: 0003 003a 00000060
[   10345.436079] /dev/input/event3: 0003 0035 00000121
[   10345.436081] /dev/input/event3: 0003 0036 00000336
[   10345.436084] /dev/input/event3: 0000 0002 00000000
[   10345.436087] /dev/input/event3: 0000 0000 00000000
[   10345.446001] /dev/input/event3: 0003 0039 00000000
[   10345.446038] /dev/input/event3: 0003 0030 00000080
[   10345.446041] /dev/input/event3: 0003 003a 00000080
[   10345.446044] /dev/input/event3: 0003 0035 00000113
[   10345.446046] /dev/input/event3: 0003 0036 00000338
[   10345.446049] /dev/input/event3: 0000 0002 00000000
[   10345.446051] /dev/input/event3: 0000 0000 00000000
[   10345.455994] /dev/input/event3: 0003 0039 00000000
[   10345.456027] /dev/input/event3: 0003 0030 00000060
[   10345.456029] /dev/input/event3: 0003 003a 00000060
[   10345.456032] /dev/input/event3: 0003 0035 00000108
[   10345.456034] /dev/input/event3: 0003 0036 00000338
[   10345.456037] /dev/input/event3: 0000 0002 00000000
[   10345.456039] /dev/input/event3: 0000 0000 00000000
[   10345.466030] /dev/input/event3: 0003 0039 00000000
[   10345.466057] /dev/input/event3: 0003 0030 00000040
[   10345.466059] /dev/input/event3: 0003 003a 00000040
[   10345.466062] /dev/input/event3: 0003 0035 000000fa
[   10345.466065] /dev/input/event3: 0003 0036 0000033a
[   10345.466067] /dev/input/event3: 0000 0002 00000000
[   10345.466070] /dev/input/event3: 0000 0000 00000000
[   10345.476042] /dev/input/event3: 0003 0039 00000000
[   10345.476073] /dev/input/event3: 0003 0030 00000060
[   10345.476075] /dev/input/event3: 0003 003a 00000060
[   10345.476078] /dev/input/event3: 0003 0035 000000e9
[   10345.476080] /dev/input/event3: 0003 0036 0000033a
[   10345.476083] /dev/input/event3: 0000 0002 00000000
[   10345.476086] /dev/input/event3: 0000 0000 00000000
[   10345.486090] /dev/input/event3: 0003 0039 00000000
[   10345.486123] /dev/input/event3: 0003 0030 00000060
[   10345.486126] /dev/input/event3: 0003 003a 00000060
[   10345.486129] /dev/input/event3: 0003 0035 000000de
[   10345.486131] /dev/input/event3: 0003 0036 0000033b
[   10345.486134] /dev/input/event3: 0000 0002 00000000
[   10345.486137] /dev/input/event3: 0000 0000 00000000
[   10345.496106] /dev/input/event3: 0003 0039 00000000
[   10345.496137] /dev/input/event3: 0003 0030 00000040
[   10345.496140] /dev/input/event3: 0003 003a 00000040
[   10345.496142] /dev/input/event3: 0003 0035 000000d4
[   10345.496145] /dev/input/event3: 0003 0036 0000033c
[   10345.496147] /dev/input/event3: 0000 0002 00000000
[   10345.496149] /dev/input/event3: 0000 0000 00000000
[   10345.506064] /dev/input/event3: 0003 0039 00000000
[   10345.506082] /dev/input/event3: 0003 0030 00000020
[   10345.506084] /dev/input/event3: 0003 003a 00000020
[   10345.506087] /dev/input/event3: 0003 0035 000000be
[   10345.506089] /dev/input/event3: 0003 0036 0000033c
[   10345.506092] /dev/input/event3: 0000 0002 00000000
[   10345.506094] /dev/input/event3: 0000 0000 00000000
[   10345.534979] /dev/input/event3: 0000 0002 00000000
[   10345.535014] /dev/input/event3: 0000 0000 00000000
[   10347.884134] /dev/input/event3: 0003 0039 00000000
[   10347.884256] /dev/input/event3: 0003 0030 00000060
[   10347.884283] /dev/input/event3: 0003 003a 00000060
[   10347.884313] /dev/input/event3: 0003 0035 0000009d
[   10347.884343] /dev/input/event3: 0003 0036 0000035a
[   10347.884373] /dev/input/event3: 0000 0002 00000000
[   10347.884396] /dev/input/event3: 0000 0000 00000000
[   10347.982461] /dev/input/event3: 0003 0039 00000000
[   10347.982512] /dev/input/event3: 0003 0030 00000060
[   10347.982520] /dev/input/event3: 0003 003a 00000060
[   10347.982530] /dev/input/event3: 0003 0035 000000b4
[   10347.982538] /dev/input/event3: 0003 0036 0000035a
[   10347.982547] /dev/input/event3: 0000 0002 00000000
[   10347.982554] /dev/input/event3: 0000 0000 00000000
[   10347.993006] /dev/input/event3: 0003 0039 00000000
[   10347.993047] /dev/input/event3: 0003 0030 00000060
[   10347.993055] /dev/input/event3: 0003 003a 00000060
[   10347.993064] /dev/input/event3: 0003 0035 000000bd
[   10347.993073] /dev/input/event3: 0003 0036 0000035a
[   10347.993081] /dev/input/event3: 0000 0002 00000000
[   10347.993088] /dev/input/event3: 0000 0000 00000000
[   10348.002498] /dev/input/event3: 0003 0039 00000000
[   10348.002538] /dev/input/event3: 0003 0030 00000080
[   10348.002546] /dev/input/event3: 0003 003a 00000080
[   10348.002554] /dev/input/event3: 0003 0035 000000cd
[   10348.002562] /dev/input/event3: 0003 0036 0000035b
[   10348.002571] /dev/input/event3: 0000 0002 00000000
[   10348.002578] /dev/input/event3: 0000 0000 00000000
[   10348.012498] /dev/input/event3: 0003 0039 00000000
[   10348.012546] /dev/input/event3: 0003 0030 00000060
[   10348.012554] /dev/input/event3: 0003 003a 00000060
[   10348.012563] /dev/input/event3: 0003 0035 000000e0
[   10348.012571] /dev/input/event3: 0003 0036 0000035c
[   10348.012579] /dev/input/event3: 0000 0002 00000000
[   10348.012586] /dev/input/event3: 0000 0000 00000000
[   10348.022542] /dev/input/event3: 0003 0039 00000000
[   10348.022590] /dev/input/event3: 0003 0030 00000040
[   10348.022598] /dev/input/event3: 0003 003a 00000040
[   10348.022607] /dev/input/event3: 0003 0035 000000ed
[   10348.022616] /dev/input/event3: 0003 0036 0000035d
[   10348.022624] /dev/input/event3: 0000 0002 00000000
[   10348.022631] /dev/input/event3: 0000 0000 00000000
[   10348.032467] /dev/input/event3: 0003 0039 00000000
[   10348.032494] /dev/input/event3: 0003 0030 00000060
[   10348.032499] /dev/input/event3: 0003 003a 00000060
[   10348.032505] /dev/input/event3: 0003 0035 000000f6
[   10348.032510] /dev/input/event3: 0003 0036 0000035d
[   10348.032515] /dev/input/event3: 0000 0002 00000000
[   10348.032519] /dev/input/event3: 0000 0000 00000000
[   10348.042521] /dev/input/event3: 0003 0039 00000000
[   10348.042560] /dev/input/event3: 0003 0030 00000080
[   10348.042565] /dev/input/event3: 0003 003a 00000080
[   10348.042570] /dev/input/event3: 0003 0035 00000105
[   10348.042575] /dev/input/event3: 0003 0036 0000035d
[   10348.042580] /dev/input/event3: 0000 0002 00000000
[   10348.042585] /dev/input/event3: 0000 0000 00000000
[   10348.052551] /dev/input/event3: 0003 0039 00000000
[   10348.052585] /dev/input/event3: 0003 0030 00000060
[   10348.052590] /dev/input/event3: 0003 003a 00000060
[   10348.052595] /dev/input/event3: 0003 0035 00000117
[   10348.052600] /dev/input/event3: 0003 0036 0000035e
[   10348.052605] /dev/input/event3: 0000 0002 00000000
[   10348.052610] /dev/input/event3: 0000 0000 00000000
[   10348.062593] /dev/input/event3: 0003 0039 00000000
[   10348.062621] /dev/input/event3: 0003 0030 00000060
[   10348.062626] /dev/input/event3: 0003 003a 00000060
[   10348.062631] /dev/input/event3: 0003 0035 00000124
[   10348.062637] /dev/input/event3: 0003 0036 0000035d
[   10348.062642] /dev/input/event3: 0000 0002 00000000
[   10348.062646] /dev/input/event3: 0000 0000 00000000
[   10348.072683] /dev/input/event3: 0003 0039 00000000
[   10348.072731] /dev/input/event3: 0003 0030 00000080
[   10348.072737] /dev/input/event3: 0003 003a 00000080
[   10348.072742] /dev/input/event3: 0003 0035 00000136
[   10348.072748] /dev/input/event3: 0003 0036 0000035d
[   10348.072753] /dev/input/event3: 0000 0002 00000000
[   10348.072757] /dev/input/event3: 0000 0000 00000000
[   10348.082666] /dev/input/event3: 0003 0039 00000000
[   10348.082695] /dev/input/event3: 0003 0030 00000060
[   10348.082700] /dev/input/event3: 0003 003a 00000060
[   10348.082705] /dev/input/event3: 0003 0035 0000014d
[   10348.082710] /dev/input/event3: 0003 0036 0000035e
[   10348.082716] /dev/input/event3: 0000 0002 00000000
[   10348.082720] /dev/input/event3: 0000 0000 00000000
[   10348.092945] /dev/input/event3: 0003 0039 00000000
[   10348.092971] /dev/input/event3: 0003 0030 00000060
[   10348.092976] /dev/input/event3: 0003 003a 00000060
[   10348.092982] /dev/input/event3: 0003 0035 0000015c
[   10348.092987] /dev/input/event3: 0003 0036 0000035e
[   10348.092992] /dev/input/event3: 0000 0002 00000000
[   10348.092996] /dev/input/event3: 0000 0000 00000000
[   10348.102748] /dev/input/event3: 0003 0039 00000000
[   10348.102781] /dev/input/event3: 0003 0030 00000080
[   10348.102787] /dev/input/event3: 0003 003a 00000080
[   10348.102792] /dev/input/event3: 0003 0035 0000016d
[   10348.102798] /dev/input/event3: 0003 0036 0000035e
[   10348.102803] /dev/input/event3: 0000 0002 00000000
[   10348.102807] /dev/input/event3: 0000 0000 00000000
[   10348.112721] /dev/input/event3: 0003 0039 00000000
[   10348.112746] /dev/input/event3: 0003 0030 00000060
[   10348.112751] /dev/input/event3: 0003 003a 00000060
[   10348.112757] /dev/input/event3: 0003 0035 00000183
[   10348.112762] /dev/input/event3: 0003 0036 0000035e
[   10348.112767] /dev/input/event3: 0000 0002 00000000
[   10348.112772] /dev/input/event3: 0000 0000 00000000
[   10348.122842] /dev/input/event3: 0003 0039 00000000
[   10348.122880] /dev/input/event3: 0003 0030 00000060
[   10348.122885] /dev/input/event3: 0003 003a 00000060
[   10348.122890] /dev/input/event3: 0003 0035 00000192
[   10348.122895] /dev/input/event3: 0003 0036 0000035f
[   10348.122900] /dev/input/event3: 0000 0002 00000000
[   10348.122905] /dev/input/event3: 0000 0000 00000000
[   10348.132766] /dev/input/event3: 0003 0039 00000000
[   10348.132792] /dev/input/event3: 0003 0030 00000060
[   10348.132798] /dev/input/event3: 0003 003a 00000060
[   10348.132803] /dev/input/event3: 0003 0035 000001a9
[   10348.132809] /dev/input/event3: 0003 0036 0000035f
[   10348.132814] /dev/input/event3: 0000 0002 00000000
[   10348.132818] /dev/input/event3: 0000 0000 00000000
[   10348.142803] /dev/input/event3: 0003 0039 00000000
[   10348.142831] /dev/input/event3: 0003 0030 00000060
[   10348.142836] /dev/input/event3: 0003 003a 00000060
[   10348.142842] /dev/input/event3: 0003 0035 000001bd
[   10348.142847] /dev/input/event3: 0003 0036 0000035f
[   10348.142852] /dev/input/event3: 0000 0002 00000000
[   10348.142856] /dev/input/event3: 0000 0000 00000000
[   10348.152886] /dev/input/event3: 0003 0039 00000000
[   10348.152931] /dev/input/event3: 0003 0030 00000060
[   10348.152937] /dev/input/event3: 0003 003a 00000060
[   10348.152942] /dev/input/event3: 0003 0035 000001cd
[   10348.152947] /dev/input/event3: 0003 0036 0000035f
[   10348.152952] /dev/input/event3: 0000 0002 00000000
[   10348.152957] /dev/input/event3: 0000 0000 00000000
[   10348.162882] /dev/input/event3: 0003 0039 00000000
[   10348.162917] /dev/input/event3: 0003 0030 00000060
[   10348.162922] /dev/input/event3: 0003 003a 00000060
[   10348.162928] /dev/input/event3: 0003 0035 000001e4
[   10348.162933] /dev/input/event3: 0003 0036 00000360
[   10348.162938] /dev/input/event3: 0000 0002 00000000
[   10348.162943] /dev/input/event3: 0000 0000 00000000
[   10348.172908] /dev/input/event3: 0003 0039 00000000
[   10348.172934] /dev/input/event3: 0003 0030 00000060
[   10348.172939] /dev/input/event3: 0003 003a 00000060
[   10348.172945] /dev/input/event3: 0003 0035 000001f6
[   10348.172950] /dev/input/event3: 0003 0036 0000035f
[   10348.172955] /dev/input/event3: 0000 0002 00000000
[   10348.172960] /dev/input/event3: 0000 0000 00000000
[   10348.183511] /dev/input/event3: 0003 0039 00000000
[   10348.183547] /dev/input/event3: 0003 0030 00000060
[   10348.183552] /dev/input/event3: 0003 003a 00000060
[   10348.183557] /dev/input/event3: 0003 0035 0000020a
[   10348.183562] /dev/input/event3: 0003 0036 0000035f
[   10348.183568] /dev/input/event3: 0000 0002 00000000
[   10348.183572] /dev/input/event3: 0000 0000 00000000
[   10348.193628] /dev/input/event3: 0003 0039 00000000
[   10348.193673] /dev/input/event3: 0003 0030 00000060
[   10348.193678] /dev/input/event3: 0003 003a 00000060
[   10348.193684] /dev/input/event3: 0003 0035 0000021f
[   10348.193689] /dev/input/event3: 0003 0036 0000035f
[   10348.193694] /dev/input/event3: 0000 0002 00000000
[   10348.193699] /dev/input/event3: 0000 0000 00000000
[   10348.203600] /dev/input/event3: 0003 0039 00000000
[   10348.203950] /dev/input/event3: 0003 0030 00000060
[   10348.203964] /dev/input/event3: 0003 003a 00000060
[   10348.203970] /dev/input/event3: 0003 0035 0000022e
[   10348.203975] /dev/input/event3: 0003 0036 0000035f
[   10348.203980] /dev/input/event3: 0000 0002 00000000
[   10348.203985] /dev/input/event3: 0000 0000 00000000
[   10348.213609] /dev/input/event3: 0003 0039 00000000
[   10348.213648] /dev/input/event3: 0003 0030 00000080
[   10348.213653] /dev/input/event3: 0003 003a 00000080
[   10348.213659] /dev/input/event3: 0003 0035 00000244
[   10348.213664] /dev/input/event3: 0003 0036 0000035e
[   10348.213669] /dev/input/event3: 0000 0002 00000000
[   10348.213673] /dev/input/event3: 0000 0000 00000000
[   10348.223612] /dev/input/event3: 0003 0039 00000000
[   10348.223654] /dev/input/event3: 0003 0030 00000040
[   10348.223660] /dev/input/event3: 0003 003a 00000040
[   10348.223665] /dev/input/event3: 0003 0035 00000258
[   10348.223670] /dev/input/event3: 0003 0036 0000035d
[   10348.223675] /dev/input/event3: 0000 0002 00000000
[   10348.223680] /dev/input/event3: 0000 0000 00000000
[   10348.233721] /dev/input/event3: 0003 0039 00000000
[   10348.233761] /dev/input/event3: 0003 0030 00000060
[   10348.233766] /dev/input/event3: 0003 003a 00000060
[   10348.233771] /dev/input/event3: 0003 0035 0000026a
[   10348.233776] /dev/input/event3: 0003 0036 0000035c
[   10348.233781] /dev/input/event3: 0000 0002 00000000
[   10348.233786] /dev/input/event3: 0000 0000 00000000
[   10348.243649] /dev/input/event3: 0003 0039 00000000
[   10348.243677] /dev/input/event3: 0003 0030 00000060
[   10348.243682] /dev/input/event3: 0003 003a 00000060
[   10348.243687] /dev/input/event3: 0003 0035 00000280
[   10348.243693] /dev/input/event3: 0003 0036 0000035c
[   10348.243698] /dev/input/event3: 0000 0002 00000000
[   10348.243702] /dev/input/event3: 0000 0000 00000000
[   10348.253827] /dev/input/event3: 0003 0039 00000000
[   10348.253859] /dev/input/event3: 0003 0030 00000060
[   10348.253864] /dev/input/event3: 0003 003a 00000060
[   10348.253870] /dev/input/event3: 0003 0035 00000291
[   10348.253875] /dev/input/event3: 0003 0036 0000035a
[   10348.253881] /dev/input/event3: 0000 0002 00000000
[   10348.253885] /dev/input/event3: 0000 0000 00000000
[   10348.263648] /dev/input/event3: 0003 0039 00000000
[   10348.263681] /dev/input/event3: 0003 0030 00000080
[   10348.263684] /dev/input/event3: 0003 003a 00000080
[   10348.263687] /dev/input/event3: 0003 0035 000002a1
[   10348.263690] /dev/input/event3: 0003 0036 0000035a
[   10348.263692] /dev/input/event3: 0000 0002 00000000
[   10348.263695] /dev/input/event3: 0000 0000 00000000
[   10348.273660] /dev/input/event3: 0003 0039 00000000
[   10348.273678] /dev/input/event3: 0003 0030 00000080
[   10348.273680] /dev/input/event3: 0003 003a 00000080
[   10348.273683] /dev/input/event3: 0003 0035 000002b6
[   10348.273686] /dev/input/event3: 0003 0036 00000359
[   10348.273688] /dev/input/event3: 0000 0002 00000000
[   10348.273690] /dev/input/event3: 0000 0000 00000000
[   10348.283777] /dev/input/event3: 0003 0039 00000000
[   10348.283819] /dev/input/event3: 0003 0030 00000060
[   10348.283822] /dev/input/event3: 0003 003a 00000060
[   10348.283825] /dev/input/event3: 0003 0035 000002c4
[   10348.283828] /dev/input/event3: 0003 0036 00000358
[   10348.283830] /dev/input/event3: 0000 0002 00000000
[   10348.283832] /dev/input/event3: 0000 0000 00000000
[   10348.293808] /dev/input/event3: 0003 0039 00000000
[   10348.294089] /dev/input/event3: 0003 0030 00000080
[   10348.294098] /dev/input/event3: 0003 003a 00000080
[   10348.294101] /dev/input/event3: 0003 0035 000002d9
[   10348.294104] /dev/input/event3: 0003 0036 00000357
[   10348.294106] /dev/input/event3: 0000 0002 00000000
[   10348.294108] /dev/input/event3: 0000 0000 00000000
[   10348.303773] /dev/input/event3: 0003 0039 00000000
[   10348.303789] /dev/input/event3: 0003 0030 00000040
[   10348.303791] /dev/input/event3: 0003 003a 00000040
[   10348.303794] /dev/input/event3: 0003 0035 000002ed
[   10348.303796] /dev/input/event3: 0003 0036 00000357
[   10348.303799] /dev/input/event3: 0000 0002 00000000
[   10348.303801] /dev/input/event3: 0000 0000 00000000
[   10348.313815] /dev/input/event3: 0003 0039 00000000
[   10348.313852] /dev/input/event3: 0003 0030 00000060
[   10348.313855] /dev/input/event3: 0003 003a 00000060
[   10348.313857] /dev/input/event3: 0003 0035 000002fc
[   10348.313860] /dev/input/event3: 0003 0036 00000357
[   10348.313862] /dev/input/event3: 0000 0002 00000000
[   10348.313866] /dev/input/event3: 0000 0000 00000000
[   10348.323854] /dev/input/event3: 0003 0039 00000000
[   10348.323883] /dev/input/event3: 0003 0030 00000080
[   10348.323886] /dev/input/event3: 0003 003a 00000080
[   10348.323889] /dev/input/event3: 0003 0035 0000030f
[   10348.323891] /dev/input/event3: 0003 0036 00000357
[   10348.323894] /dev/input/event3: 0000 0002 00000000
[   10348.323897] /dev/input/event3: 0000 0000 00000000
[   10348.333895] /dev/input/event3: 0003 0039 00000000
[   10348.334121] /dev/input/event3: 0003 0030 00000040
[   10348.334131] /dev/input/event3: 0003 003a 00000040
[   10348.334135] /dev/input/event3: 0003 0035 00000323
[   10348.334137] /dev/input/event3: 0003 0036 00000357
[   10348.334140] /dev/input/event3: 0000 0002 00000000
[   10348.334143] /dev/input/event3: 0000 0000 00000000
[   10348.343928] /dev/input/event3: 0003 0039 00000000
[   10348.343952] /dev/input/event3: 0003 0030 00000060
[   10348.343955] /dev/input/event3: 0003 003a 00000060
[   10348.343958] /dev/input/event3: 0003 0035 00000331
[   10348.343960] /dev/input/event3: 0003 0036 00000358
[   10348.343963] /dev/input/event3: 0000 0002 00000000
[   10348.343965] /dev/input/event3: 0000 0000 00000000
[   10348.354023] /dev/input/event3: 0003 0039 00000000
[   10348.354059] /dev/input/event3: 0003 0030 00000080
[   10348.354061] /dev/input/event3: 0003 003a 00000080
[   10348.354064] /dev/input/event3: 0003 0035 00000344
[   10348.354066] /dev/input/event3: 0003 0036 00000358
[   10348.354069] /dev/input/event3: 0000 0002 00000000
[   10348.354072] /dev/input/event3: 0000 0000 00000000
[   10348.364025] /dev/input/event3: 0003 0039 00000000
[   10348.364064] /dev/input/event3: 0003 0030 00000040
[   10348.364068] /dev/input/event3: 0003 003a 00000040
[   10348.364071] /dev/input/event3: 0003 0035 00000357
[   10348.364074] /dev/input/event3: 0003 0036 0000035a
[   10348.364076] /dev/input/event3: 0000 0002 00000000
[   10348.364078] /dev/input/event3: 0000 0000 00000000
[   10348.374165] /dev/input/event3: 0003 0039 00000000
[   10348.374194] /dev/input/event3: 0003 0030 00000060
[   10348.374196] /dev/input/event3: 0003 003a 00000060
[   10348.374199] /dev/input/event3: 0003 0035 00000365
[   10348.374201] /dev/input/event3: 0003 0036 0000035b
[   10348.374204] /dev/input/event3: 0000 0002 00000000
[   10348.374207] /dev/input/event3: 0000 0000 00000000
[   10348.384651] /dev/input/event3: 0003 0039 00000000
[   10348.384686] /dev/input/event3: 0003 0030 00000080
[   10348.384690] /dev/input/event3: 0003 003a 00000080
[   10348.384692] /dev/input/event3: 0003 0035 00000376
[   10348.384695] /dev/input/event3: 0003 0036 0000035b
[   10348.384697] /dev/input/event3: 0000 0002 00000000
[   10348.384700] /dev/input/event3: 0000 0000 00000000
[   10348.394632] /dev/input/event3: 0003 0039 00000000
[   10348.394649] /dev/input/event3: 0003 0030 00000060
[   10348.394652] /dev/input/event3: 0003 003a 00000060
[   10348.394655] /dev/input/event3: 0003 0035 00000387
[   10348.394657] /dev/input/event3: 0003 0036 0000035d
[   10348.394660] /dev/input/event3: 0000 0002 00000000
[   10348.394662] /dev/input/event3: 0000 0000 00000000
[   10348.404696] /dev/input/event3: 0003 0039 00000000
[   10348.404724] /dev/input/event3: 0003 0030 00000060
[   10348.404727] /dev/input/event3: 0003 003a 00000060
[   10348.404729] /dev/input/event3: 0003 0035 00000395
[   10348.404732] /dev/input/event3: 0003 0036 0000035d
[   10348.404735] /dev/input/event3: 0000 0002 00000000
[   10348.404737] /dev/input/event3: 0000 0000 00000000
[   10348.414746] /dev/input/event3: 0003 0039 00000000
[   10348.414777] /dev/input/event3: 0003 0030 00000060
[   10348.414779] /dev/input/event3: 0003 003a 00000060
[   10348.414782] /dev/input/event3: 0003 0035 000003a7
[   10348.414785] /dev/input/event3: 0003 0036 0000035f
[   10348.414787] /dev/input/event3: 0000 0002 00000000
[   10348.414790] /dev/input/event3: 0000 0000 00000000
[   10348.424827] /dev/input/event3: 0003 0039 00000000
[   10348.424844] /dev/input/event3: 0003 0030 00000060
[   10348.424847] /dev/input/event3: 0003 003a 00000060
[   10348.424849] /dev/input/event3: 0003 0035 000003bb
[   10348.424852] /dev/input/event3: 0003 0036 00000360
[   10348.424854] /dev/input/event3: 0000 0002 00000000
[   10348.424857] /dev/input/event3: 0000 0000 00000000
[   10348.434857] /dev/input/event3: 0003 0039 00000000
[   10348.434894] /dev/input/event3: 0003 0030 00000060
[   10348.434897] /dev/input/event3: 0003 003a 00000060
[   10348.434900] /dev/input/event3: 0003 0035 000003c5
[   10348.434903] /dev/input/event3: 0003 0036 00000360
[   10348.434905] /dev/input/event3: 0000 0002 00000000
[   10348.434907] /dev/input/event3: 0000 0000 00000000
[   10348.444796] /dev/input/event3: 0003 0039 00000000
[   10348.444824] /dev/input/event3: 0003 0030 00000040
[   10348.444827] /dev/input/event3: 0003 003a 00000040
[   10348.444829] /dev/input/event3: 0003 0035 000003d1
[   10348.444832] /dev/input/event3: 0003 0036 00000362
[   10348.444835] /dev/input/event3: 0000 0002 00000000
[   10348.444837] /dev/input/event3: 0000 0000 00000000
[   10348.454834] /dev/input/event3: 0003 0039 00000000
[   10348.454866] /dev/input/event3: 0003 0030 00000020
[   10348.454868] /dev/input/event3: 0003 003a 00000020
[   10348.454871] /dev/input/event3: 0003 0035 000003e4
[   10348.454873] /dev/input/event3: 0003 0036 00000364
[   10348.454876] /dev/input/event3: 0000 0002 00000000
[   10348.454878] /dev/input/event3: 0000 0000 00000000
[   10348.483773] /dev/input/event3: 0000 0002 00000000
[   10348.483811] /dev/input/event3: 0000 0000 00000000
[   10352.244159] /dev/input/event3: 0003 0039 00000000
[   10352.244283] /dev/input/event3: 0003 0030 00000060
[   10352.244311] /dev/input/event3: 0003 003a 00000060
[   10352.244341] /dev/input/event3: 0003 0035 000001a1
[   10352.244371] /dev/input/event3: 0003 0036 0000023b
[   10352.244400] /dev/input/event3: 0000 0002 00000000
[   10352.244424] /dev/input/event3: 0000 0000 00000000
[   10352.309945] /dev/input/event3: 0000 0002 00000000
[   10352.309982] /dev/input/event3: 0000 0000 00000000
[   10355.827471] /dev/input/event3: 0003 0039 00000000
[   10355.827587] /dev/input/event3: 0003 0030 00000080
[   10355.827615] /dev/input/event3: 0003 003a 00000080
[   10355.827646] /dev/input/event3: 0003 0035 0000000f
[   10355.827676] /dev/input/event3: 0003 0036 000003d5
[   10355.827706] /dev/input/event3: 0000 0002 00000000
[   10355.827730] /dev/input/event3: 0000 0000 00000000
[   10355.885600] /dev/input/event3: 0000 0002 00000000
[   10355.885634] /dev/input/event3: 0000 0000 00000000
[   10357.842461] /dev/input/event3: 0003 0039 00000000
[   10357.842581] /dev/input/event3: 0003 0030 00000080
[   10357.842609] /dev/input/event3: 0003 003a 00000080
[   10357.842640] /dev/input/event3: 0003 0035 0000002c
[   10357.842670] /dev/input/event3: 0003 0036 000003d8
[   10357.842700] /dev/input/event3: 0000 0002 00000000
[   10357.842724] /dev/input/event3: 0000 0000 00000000
[   10357.951521] /dev/input/event3: 0000 0002 00000000
[   10357.951547] /dev/input/event3: 0000 0000 00000000
