add device 1: /dev/input/event1
  name:     "gpio-keys"
add device 2: /dev/input/event2
  name:     "tegra-kbc"
add device 3: /dev/input/event3
  name:     "atmel-maxtouch"
add device 4: /dev/input/event0
  name:     "lid_input"
[   11432.225651] /dev/input/event3: 0003 0039 00000000
[   11432.225784] /dev/input/event3: 0003 0030 00000020
[   11432.225812] /dev/input/event3: 0003 003a 00000020
[   11432.225842] /dev/input/event3: 0003 0035 0000060c
[   11432.225871] /dev/input/event3: 0003 0036 0000025d
[   11432.225900] /dev/input/event3: 0000 0002 00000000
[   11432.225923] /dev/input/event3: 0000 0000 00000000
[   11432.354075] /dev/input/event3: 0003 0039 00000000
[   11432.354102] /dev/input/event3: 0003 0030 00000060
[   11432.354107] /dev/input/event3: 0003 003a 00000060
[   11432.354112] /dev/input/event3: 0003 0035 000005ee
[   11432.354117] /dev/input/event3: 0003 0036 0000025b
[   11432.354123] /dev/input/event3: 0000 0002 00000000
[   11432.354127] /dev/input/event3: 0000 0000 00000000
[   11432.363897] /dev/input/event3: 0003 0039 00000000
[   11432.363922] /dev/input/event3: 0003 0030 00000060
[   11432.363927] /dev/input/event3: 0003 003a 00000060
[   11432.363933] /dev/input/event3: 0003 0035 000005dc
[   11432.363938] /dev/input/event3: 0003 0036 0000025b
[   11432.363943] /dev/input/event3: 0000 0002 00000000
[   11432.363947] /dev/input/event3: 0000 0000 00000000
[   11432.373985] /dev/input/event3: 0003 0039 00000000
[   11432.374021] /dev/input/event3: 0003 0030 00000060
[   11432.374026] /dev/input/event3: 0003 003a 00000060
[   11432.374032] /dev/input/event3: 0003 0035 000005c9
[   11432.374037] /dev/input/event3: 0003 0036 00000259
[   11432.374042] /dev/input/event3: 0000 0002 00000000
[   11432.374046] /dev/input/event3: 0000 0000 00000000
[   11432.383982] /dev/input/event3: 0003 0039 00000000
[   11432.384008] /dev/input/event3: 0003 0030 00000060
[   11432.384013] /dev/input/event3: 0003 003a 00000060
[   11432.384018] /dev/input/event3: 0003 0035 000005ba
[   11432.384024] /dev/input/event3: 0003 0036 00000259
[   11432.384029] /dev/input/event3: 0000 0002 00000000
[   11432.384033] /dev/input/event3: 0000 0000 00000000
[   11432.394042] /dev/input/event3: 0003 0039 00000000
[   11432.394079] /dev/input/event3: 0003 0030 00000060
[   11432.394084] /dev/input/event3: 0003 003a 00000060
[   11432.394090] /dev/input/event3: 0003 0035 000005af
[   11432.394095] /dev/input/event3: 0003 0036 00000258
[   11432.394101] /dev/input/event3: 0000 0002 00000000
[   11432.394106] /dev/input/event3: 0000 0000 00000000
[   11432.404146] /dev/input/event3: 0003 0039 00000000
[   11432.404193] /dev/input/event3: 0003 0030 00000080
[   11432.404199] /dev/input/event3: 0003 003a 00000080
[   11432.404205] /dev/input/event3: 0003 0035 000005a2
[   11432.404210] /dev/input/event3: 0003 0036 00000257
[   11432.404216] /dev/input/event3: 0000 0002 00000000
[   11432.404220] /dev/input/event3: 0000 0000 00000000
[   11432.414156] /dev/input/event3: 0003 0039 00000000
[   11432.414193] /dev/input/event3: 0003 0030 00000060
[   11432.414198] /dev/input/event3: 0003 003a 00000060
[   11432.414204] /dev/input/event3: 0003 0035 00000590
[   11432.414209] /dev/input/event3: 0003 0036 00000256
[   11432.414214] /dev/input/event3: 0000 0002 00000000
[   11432.414219] /dev/input/event3: 0000 0000 00000000
[   11432.424187] /dev/input/event3: 0003 0039 00000000
[   11432.424229] /dev/input/event3: 0003 0030 00000040
[   11432.424234] /dev/input/event3: 0003 003a 00000040
[   11432.424240] /dev/input/event3: 0003 0035 00000584
[   11432.424245] /dev/input/event3: 0003 0036 00000256
[   11432.424250] /dev/input/event3: 0000 0002 00000000
[   11432.424254] /dev/input/event3: 0000 0000 00000000
[   11432.434770] /dev/input/event3: 0003 0039 00000000
[   11432.434796] /dev/input/event3: 0003 0030 00000080
[   11432.434801] /dev/input/event3: 0003 003a 00000080
[   11432.434807] /dev/input/event3: 0003 0035 00000577
[   11432.434812] /dev/input/event3: 0003 0036 00000255
[   11432.434817] /dev/input/event3: 0000 0002 00000000
[   11432.434822] /dev/input/event3: 0000 0000 00000000
[   11432.444788] /dev/input/event3: 0003 0039 00000000
[   11432.444834] /dev/input/event3: 0003 0030 00000060
[   11432.444839] /dev/input/event3: 0003 003a 00000060
[   11432.444844] /dev/input/event3: 0003 0035 00000564
[   11432.444850] /dev/input/event3: 0003 0036 00000255
[   11432.444855] /dev/input/event3: 0000 0002 00000000
[   11432.444859] /dev/input/event3: 0000 0000 00000000
[   11432.454758] /dev/input/event3: 0003 0039 00000000
[   11432.454783] /dev/input/event3: 0003 0030 00000040
[   11432.454788] /dev/input/event3: 0003 003a 00000040
[   11432.454793] /dev/input/event3: 0003 0035 00000553
[   11432.454798] /dev/input/event3: 0003 0036 00000256
[   11432.454803] /dev/input/event3: 0000 0002 00000000
[   11432.454808] /dev/input/event3: 0000 0000 00000000
[   11432.464791] /dev/input/event3: 0003 0039 00000000
[   11432.464818] /dev/input/event3: 0003 0030 00000080
[   11432.464823] /dev/input/event3: 0003 003a 00000080
[   11432.464828] /dev/input/event3: 0003 0035 00000543
[   11432.464833] /dev/input/event3: 0003 0036 00000255
[   11432.464838] /dev/input/event3: 0000 0002 00000000
[   11432.464843] /dev/input/event3: 0000 0000 00000000
[   11432.474875] /dev/input/event3: 0003 0039 00000000
[   11432.474914] /dev/input/event3: 0003 0030 00000060
[   11432.474920] /dev/input/event3: 0003 003a 00000060
[   11432.474925] /dev/input/event3: 0003 0035 0000052f
[   11432.474930] /dev/input/event3: 0003 0036 00000255
[   11432.474935] /dev/input/event3: 0000 0002 00000000
[   11432.474940] /dev/input/event3: 0000 0000 00000000
[   11432.484903] /dev/input/event3: 0003 0039 00000000
[   11432.484936] /dev/input/event3: 0003 0030 00000040
[   11432.484941] /dev/input/event3: 0003 003a 00000040
[   11432.484946] /dev/input/event3: 0003 0035 0000051f
[   11432.484952] /dev/input/event3: 0003 0036 00000255
[   11432.484957] /dev/input/event3: 0000 0002 00000000
[   11432.484961] /dev/input/event3: 0000 0000 00000000
[   11432.494924] /dev/input/event3: 0003 0039 00000000
[   11432.494958] /dev/input/event3: 0003 0030 00000080
[   11432.494963] /dev/input/event3: 0003 003a 00000080
[   11432.494969] /dev/input/event3: 0003 0035 0000050f
[   11432.494974] /dev/input/event3: 0003 0036 00000255
[   11432.494979] /dev/input/event3: 0000 0002 00000000
[   11432.494983] /dev/input/event3: 0000 0000 00000000
[   11432.504968] /dev/input/event3: 0003 0039 00000000
[   11432.505003] /dev/input/event3: 0003 0030 00000060
[   11432.505008] /dev/input/event3: 0003 003a 00000060
[   11432.505014] /dev/input/event3: 0003 0035 000004f9
[   11432.505019] /dev/input/event3: 0003 0036 00000254
[   11432.505024] /dev/input/event3: 0000 0002 00000000
[   11432.505029] /dev/input/event3: 0000 0000 00000000
[   11432.515019] /dev/input/event3: 0003 0039 00000000
[   11432.515045] /dev/input/event3: 0003 0030 00000040
[   11432.515049] /dev/input/event3: 0003 003a 00000040
[   11432.515055] /dev/input/event3: 0003 0035 000004e9
[   11432.515060] /dev/input/event3: 0003 0036 00000254
[   11432.515065] /dev/input/event3: 0000 0002 00000000
[   11432.515070] /dev/input/event3: 0000 0000 00000000
[   11432.525061] /dev/input/event3: 0003 0039 00000000
[   11432.525109] /dev/input/event3: 0003 0030 00000080
[   11432.525115] /dev/input/event3: 0003 003a 00000080
[   11432.525120] /dev/input/event3: 0003 0035 000004d8
[   11432.525125] /dev/input/event3: 0003 0036 00000254
[   11432.525130] /dev/input/event3: 0000 0002 00000000
[   11432.525135] /dev/input/event3: 0000 0000 00000000
[   11432.535017] /dev/input/event3: 0003 0039 00000000
[   11432.535043] /dev/input/event3: 0003 0030 00000060
[   11432.535048] /dev/input/event3: 0003 003a 00000060
[   11432.535054] /dev/input/event3: 0003 0035 000004c1
[   11432.535059] /dev/input/event3: 0003 0036 00000254
[   11432.535064] /dev/input/event3: 0000 0002 00000000
[   11432.535068] /dev/input/event3: 0000 0000 00000000
[   11432.545129] /dev/input/event3: 0003 0039 00000000
[   11432.545167] /dev/input/event3: 0003 0030 00000060
[   11432.545173] /dev/input/event3: 0003 003a 00000060
[   11432.545178] /dev/input/event3: 0003 0035 000004af
[   11432.545183] /dev/input/event3: 0003 0036 00000254
[   11432.545189] /dev/input/event3: 0000 0002 00000000
[   11432.545193] /dev/input/event3: 0000 0000 00000000
[   11432.555111] /dev/input/event3: 0003 0039 00000000
[   11432.555147] /dev/input/event3: 0003 0030 00000080
[   11432.555152] /dev/input/event3: 0003 003a 00000080
[   11432.555158] /dev/input/event3: 0003 0035 0000049b
[   11432.555163] /dev/input/event3: 0003 0036 00000253
[   11432.555168] /dev/input/event3: 0000 0002 00000000
[   11432.555172] /dev/input/event3: 0000 0000 00000000
[   11432.565168] /dev/input/event3: 0003 0039 00000000
[   11432.565207] /dev/input/event3: 0003 0030 00000060
[   11432.565212] /dev/input/event3: 0003 003a 00000060
[   11432.565218] /dev/input/event3: 0003 0035 00000488
[   11432.565223] /dev/input/event3: 0003 0036 00000254
[   11432.565228] /dev/input/event3: 0000 0002 00000000
[   11432.565234] /dev/input/event3: 0000 0000 00000000
[   11432.575200] /dev/input/event3: 0003 0039 00000000
[   11432.575240] /dev/input/event3: 0003 0030 00000080
[   11432.575245] /dev/input/event3: 0003 003a 00000080
[   11432.575251] /dev/input/event3: 0003 0035 00000477
[   11432.575256] /dev/input/event3: 0003 0036 00000254
[   11432.575261] /dev/input/event3: 0000 0002 00000000
[   11432.575265] /dev/input/event3: 0000 0000 00000000
[   11432.585175] /dev/input/event3: 0003 0039 00000000
[   11432.585199] /dev/input/event3: 0003 0030 00000080
[   11432.585204] /dev/input/event3: 0003 003a 00000080
[   11432.585210] /dev/input/event3: 0003 0035 00000461
[   11432.585215] /dev/input/event3: 0003 0036 00000253
[   11432.585220] /dev/input/event3: 0000 0002 00000000
[   11432.585224] /dev/input/event3: 0000 0000 00000000
[   11432.595188] /dev/input/event3: 0003 0039 00000000
[   11432.595222] /dev/input/event3: 0003 0030 00000040
[   11432.595226] /dev/input/event3: 0003 003a 00000040
[   11432.595229] /dev/input/event3: 0003 0035 0000044e
[   11432.595232] /dev/input/event3: 0003 0036 00000253
[   11432.595235] /dev/input/event3: 0000 0002 00000000
[   11432.595237] /dev/input/event3: 0000 0000 00000000
[   11432.605247] /dev/input/event3: 0003 0039 00000000
[   11432.605284] /dev/input/event3: 0003 0030 00000080
[   11432.605287] /dev/input/event3: 0003 003a 00000080
[   11432.605290] /dev/input/event3: 0003 0035 0000043e
[   11432.605292] /dev/input/event3: 0003 0036 00000253
[   11432.605295] /dev/input/event3: 0000 0002 00000000
[   11432.605298] /dev/input/event3: 0000 0000 00000000
[   11432.615313] /dev/input/event3: 0003 0039 00000000
[   11432.615346] /dev/input/event3: 0003 0030 00000080
[   11432.615348] /dev/input/event3: 0003 003a 00000080
[   11432.615352] /dev/input/event3: 0003 0035 0000042c
[   11432.615354] /dev/input/event3: 0003 0036 00000253
[   11432.615357] /dev/input/event3: 0000 0002 00000000
[   11432.615359] /dev/input/event3: 0000 0000 00000000
[   11432.625857] /dev/input/event3: 0003 0039 00000000
[   11432.625885] /dev/input/event3: 0003 0030 00000040
[   11432.625888] /dev/input/event3: 0003 003a 00000040
[   11432.625891] /dev/input/event3: 0003 0035 0000041c
[   11432.625893] /dev/input/event3: 0003 0036 00000252
[   11432.625896] /dev/input/event3: 0000 0002 00000000
[   11432.625898] /dev/input/event3: 0000 0000 00000000
[   11432.635801] /dev/input/event3: 0003 0039 00000000
[   11432.635818] /dev/input/event3: 0003 0030 00000080
[   11432.635821] /dev/input/event3: 0003 003a 00000080
[   11432.635823] /dev/input/event3: 0003 0035 0000040b
[   11432.635826] /dev/input/event3: 0003 0036 00000252
[   11432.635828] /dev/input/event3: 0000 0002 00000000
[   11432.635831] /dev/input/event3: 0000 0000 00000000
[   11432.645938] /dev/input/event3: 0003 0039 00000000
[   11432.645971] /dev/input/event3: 0003 0030 00000080
[   11432.645974] /dev/input/event3: 0003 003a 00000080
[   11432.645977] /dev/input/event3: 0003 0035 000003f6
[   11432.645979] /dev/input/event3: 0003 0036 00000251
[   11432.645982] /dev/input/event3: 0000 0002 00000000
[   11432.645985] /dev/input/event3: 0000 0000 00000000
[   11432.655901] /dev/input/event3: 0003 0039 00000000
[   11432.655934] /dev/input/event3: 0003 0030 00000040
[   11432.655937] /dev/input/event3: 0003 003a 00000040
[   11432.655940] /dev/input/event3: 0003 0035 000003e8
[   11432.655943] /dev/input/event3: 0003 0036 00000251
[   11432.655945] /dev/input/event3: 0000 0002 00000000
[   11432.655947] /dev/input/event3: 0000 0000 00000000
[   11432.665936] /dev/input/event3: 0003 0039 00000000
[   11432.665951] /dev/input/event3: 0003 0030 00000080
[   11432.665954] /dev/input/event3: 0003 003a 00000080
[   11432.665956] /dev/input/event3: 0003 0035 000003db
[   11432.665959] /dev/input/event3: 0003 0036 00000250
[   11432.665961] /dev/input/event3: 0000 0002 00000000
[   11432.665964] /dev/input/event3: 0000 0000 00000000
[   11432.675990] /dev/input/event3: 0003 0039 00000000
[   11432.676026] /dev/input/event3: 0003 0030 00000080
[   11432.676029] /dev/input/event3: 0003 003a 00000080
[   11432.676032] /dev/input/event3: 0003 0035 000003cd
[   11432.676034] /dev/input/event3: 0003 0036 00000250
[   11432.676037] /dev/input/event3: 0000 0002 00000000
[   11432.676040] /dev/input/event3: 0000 0000 00000000
[   11432.686079] /dev/input/event3: 0003 0039 00000000
[   11432.686111] /dev/input/event3: 0003 0030 00000060
[   11432.686114] /dev/input/event3: 0003 003a 00000060
[   11432.686116] /dev/input/event3: 0003 0035 000003bb
[   11432.686119] /dev/input/event3: 0003 0036 00000251
[   11432.686121] /dev/input/event3: 0000 0002 00000000
[   11432.686124] /dev/input/event3: 0000 0000 00000000
[   11432.696107] /dev/input/event3: 0003 0039 00000000
[   11432.696138] /dev/input/event3: 0003 0030 00000080
[   11432.696141] /dev/input/event3: 0003 003a 00000080
[   11432.696144] /dev/input/event3: 0003 0035 000003ab
[   11432.696146] /dev/input/event3: 0003 0036 00000251
[   11432.696149] /dev/input/event3: 0000 0002 00000000
[   11432.696151] /dev/input/event3: 0000 0000 00000000
[   11432.706152] /dev/input/event3: 0003 0039 00000000
[   11432.706193] /dev/input/event3: 0003 0030 00000080
[   11432.706196] /dev/input/event3: 0003 003a 00000080
[   11432.706199] /dev/input/event3: 0003 0035 0000039e
[   11432.706201] /dev/input/event3: 0003 0036 00000250
[   11432.706204] /dev/input/event3: 0000 0002 00000000
[   11432.706206] /dev/input/event3: 0000 0000 00000000
[   11432.716096] /dev/input/event3: 0003 0039 00000000
[   11432.716115] /dev/input/event3: 0003 0030 00000060
[   11432.716117] /dev/input/event3: 0003 003a 00000060
[   11432.716120] /dev/input/event3: 0003 0035 0000038c
[   11432.716123] /dev/input/event3: 0003 0036 00000251
[   11432.716125] /dev/input/event3: 0000 0002 00000000
[   11432.716128] /dev/input/event3: 0000 0000 00000000
[   11432.726202] /dev/input/event3: 0003 0039 00000000
[   11432.726237] /dev/input/event3: 0003 0030 00000060
[   11432.726239] /dev/input/event3: 0003 003a 00000060
[   11432.726242] /dev/input/event3: 0003 0035 0000037f
[   11432.726244] /dev/input/event3: 0003 0036 00000251
[   11432.726247] /dev/input/event3: 0000 0002 00000000
[   11432.726250] /dev/input/event3: 0000 0000 00000000
[   11432.736221] /dev/input/event3: 0003 0039 00000000
[   11432.736250] /dev/input/event3: 0003 0030 00000080
[   11432.736253] /dev/input/event3: 0003 003a 00000080
[   11432.736255] /dev/input/event3: 0003 0035 00000372
[   11432.736258] /dev/input/event3: 0003 0036 00000250
[   11432.736260] /dev/input/event3: 0000 0002 00000000
[   11432.736263] /dev/input/event3: 0000 0000 00000000
[   11432.746280] /dev/input/event3: 0003 0039 00000000
[   11432.746304] /dev/input/event3: 0003 0030 00000080
[   11432.746307] /dev/input/event3: 0003 003a 00000080
[   11432.746310] /dev/input/event3: 0003 0035 00000360
[   11432.746313] /dev/input/event3: 0003 0036 00000250
[   11432.746315] /dev/input/event3: 0000 0002 00000000
[   11432.746318] /dev/input/event3: 0000 0000 00000000
[   11432.756266] /dev/input/event3: 0003 0039 00000000
[   11432.756295] /dev/input/event3: 0003 0030 00000040
[   11432.756298] /dev/input/event3: 0003 003a 00000040
[   11432.756302] /dev/input/event3: 0003 0035 00000350
[   11432.756304] /dev/input/event3: 0003 0036 0000024f
[   11432.756307] /dev/input/event3: 0000 0002 00000000
[   11432.756310] /dev/input/event3: 0000 0000 00000000
[   11432.766299] /dev/input/event3: 0003 0039 00000000
[   11432.766315] /dev/input/event3: 0003 0030 00000080
[   11432.766317] /dev/input/event3: 0003 003a 00000080
[   11432.766320] /dev/input/event3: 0003 0035 00000344
[   11432.766322] /dev/input/event3: 0003 0036 0000024f
[   11432.766325] /dev/input/event3: 0000 0002 00000000
[   11432.766327] /dev/input/event3: 0000 0000 00000000
[   11432.776357] /dev/input/event3: 0003 0039 00000000
[   11432.776388] /dev/input/event3: 0003 0030 00000080
[   11432.776391] /dev/input/event3: 0003 003a 00000080
[   11432.776394] /dev/input/event3: 0003 0035 00000336
[   11432.776396] /dev/input/event3: 0003 0036 0000024f
[   11432.776399] /dev/input/event3: 0000 0002 00000000
[   11432.776402] /dev/input/event3: 0000 0000 00000000
[   11432.786404] /dev/input/event3: 0003 0039 00000000
[   11432.786438] /dev/input/event3: 0003 0030 00000080
[   11432.786441] /dev/input/event3: 0003 003a 00000080
[   11432.786444] /dev/input/event3: 0003 0035 00000329
[   11432.786446] /dev/input/event3: 0003 0036 0000024f
[   11432.786449] /dev/input/event3: 0000 0002 00000000
[   11432.786451] /dev/input/event3: 0000 0000 00000000
[   11432.796425] /dev/input/event3: 0003 0039 00000000
[   11432.796455] /dev/input/event3: 0003 0030 00000040
[   11432.796458] /dev/input/event3: 0003 003a 00000040
[   11432.796461] /dev/input/event3: 0003 0035 0000031b
[   11432.796464] /dev/input/event3: 0003 0036 0000024f
[   11432.796466] /dev/input/event3: 0000 0002 00000000
[   11432.796469] /dev/input/event3: 0000 0000 00000000
[   11432.806549] /dev/input/event3: 0003 0039 00000000
[   11432.806587] /dev/input/event3: 0003 0030 00000080
[   11432.806590] /dev/input/event3: 0003 003a 00000080
[   11432.806592] /dev/input/event3: 0003 0035 00000311
[   11432.806595] /dev/input/event3: 0003 0036 0000024f
[   11432.806597] /dev/input/event3: 0000 0002 00000000
[   11432.806600] /dev/input/event3: 0000 0000 00000000
[   11432.816458] /dev/input/event3: 0003 0039 00000000
[   11432.816475] /dev/input/event3: 0003 0030 00000080
[   11432.816478] /dev/input/event3: 0003 003a 00000080
[   11432.816480] /dev/input/event3: 0003 0035 00000306
[   11432.816483] /dev/input/event3: 0003 0036 0000024f
[   11432.816486] /dev/input/event3: 0000 0002 00000000
[   11432.816488] /dev/input/event3: 0000 0000 00000000
[   11432.827117] /dev/input/event3: 0003 0039 00000000
[   11432.827152] /dev/input/event3: 0003 0030 00000080
[   11432.827155] /dev/input/event3: 0003 003a 00000080
[   11432.827157] /dev/input/event3: 0003 0035 000002f7
[   11432.827160] /dev/input/event3: 0003 0036 0000024f
[   11432.827163] /dev/input/event3: 0000 0002 00000000
[   11432.827165] /dev/input/event3: 0000 0000 00000000
[   11432.837099] /dev/input/event3: 0003 0039 00000000
[   11432.837130] /dev/input/event3: 0003 0030 00000040
[   11432.837133] /dev/input/event3: 0003 003a 00000040
[   11432.837136] /dev/input/event3: 0003 0035 000002ea
[   11432.837138] /dev/input/event3: 0003 0036 0000024f
[   11432.837141] /dev/input/event3: 0000 0002 00000000
[   11432.837143] /dev/input/event3: 0000 0000 00000000
[   11432.847148] /dev/input/event3: 0003 0039 00000000
[   11432.847174] /dev/input/event3: 0003 0030 00000080
[   11432.847177] /dev/input/event3: 0003 003a 00000080
[   11432.847180] /dev/input/event3: 0003 0035 000002de
[   11432.847183] /dev/input/event3: 0003 0036 00000250
[   11432.847185] /dev/input/event3: 0000 0002 00000000
[   11432.847188] /dev/input/event3: 0000 0000 00000000
[   11432.857191] /dev/input/event3: 0003 0039 00000000
[   11432.857223] /dev/input/event3: 0003 0030 00000080
[   11432.857226] /dev/input/event3: 0003 003a 00000080
[   11432.857229] /dev/input/event3: 0003 0035 000002d4
[   11432.857232] /dev/input/event3: 0003 0036 0000024f
[   11432.857234] /dev/input/event3: 0000 0002 00000000
[   11432.857237] /dev/input/event3: 0000 0000 00000000
[   11432.867206] /dev/input/event3: 0003 0039 00000000
[   11432.867224] /dev/input/event3: 0003 0030 00000080
[   11432.867226] /dev/input/event3: 0003 003a 00000080
[   11432.867229] /dev/input/event3: 0003 0035 000002c8
[   11432.867232] /dev/input/event3: 0003 0036 0000024f
[   11432.867234] /dev/input/event3: 0000 0002 00000000
[   11432.867236] /dev/input/event3: 0000 0000 00000000
[   11432.877278] /dev/input/event3: 0003 0039 00000000
[   11432.877316] /dev/input/event3: 0003 0030 00000060
[   11432.877319] /dev/input/event3: 0003 003a 00000060
[   11432.877322] /dev/input/event3: 0003 0035 000002be
[   11432.877324] /dev/input/event3: 0003 0036 00000250
[   11432.877327] /dev/input/event3: 0000 0002 00000000
[   11432.877329] /dev/input/event3: 0000 0000 00000000
[   11432.887314] /dev/input/event3: 0003 0039 00000000
[   11432.887344] /dev/input/event3: 0003 0030 00000040
[   11432.887346] /dev/input/event3: 0003 003a 00000040
[   11432.887349] /dev/input/event3: 0003 0035 000002b4
[   11432.887352] /dev/input/event3: 0003 0036 00000250
[   11432.887354] /dev/input/event3: 0000 0002 00000000
[   11432.887356] /dev/input/event3: 0000 0000 00000000
[   11432.897358] /dev/input/event3: 0003 0039 00000000
[   11432.897392] /dev/input/event3: 0003 0030 00000060
[   11432.897395] /dev/input/event3: 0003 003a 00000060
[   11432.897398] /dev/input/event3: 0003 0035 000002ad
[   11432.897401] /dev/input/event3: 0003 0036 00000250
[   11432.897403] /dev/input/event3: 0000 0002 00000000
[   11432.897405] /dev/input/event3: 0000 0000 00000000
[   11432.907402] /dev/input/event3: 0003 0039 00000000
[   11432.907430] /dev/input/event3: 0003 0030 00000080
[   11432.907432] /dev/input/event3: 0003 003a 00000080
[   11432.907435] /dev/input/event3: 0003 0035 000002a5
[   11432.907438] /dev/input/event3: 0003 0036 0000024f
[   11432.907440] /dev/input/event3: 0000 0002 00000000
[   11432.907442] /dev/input/event3: 0000 0000 00000000
[   11432.917381] /dev/input/event3: 0003 0039 00000000
[   11432.917399] /dev/input/event3: 0003 0030 00000080
[   11432.917401] /dev/input/event3: 0003 003a 00000080
[   11432.917404] /dev/input/event3: 0003 0035 0000029c
[   11432.917406] /dev/input/event3: 0003 0036 0000024f
[   11432.917409] /dev/input/event3: 0000 0002 00000000
[   11432.917411] /dev/input/event3: 0000 0000 00000000
[   11432.927477] /dev/input/event3: 0003 0039 00000000
[   11432.927508] /dev/input/event3: 0003 0030 00000080
[   11432.927512] /dev/input/event3: 0003 003a 00000080
[   11432.927514] /dev/input/event3: 0003 0035 00000291
[   11432.927517] /dev/input/event3: 0003 0036 00000250
[   11432.927519] /dev/input/event3: 0000 0002 00000000
[   11432.927522] /dev/input/event3: 0000 0000 00000000
[   11432.937452] /dev/input/event3: 0003 0039 00000000
[   11432.937480] /dev/input/event3: 0003 0030 00000040
[   11432.937482] /dev/input/event3: 0003 003a 00000040
[   11432.937485] /dev/input/event3: 0003 0035 00000286
[   11432.937487] /dev/input/event3: 0003 0036 00000250
[   11432.937490] /dev/input/event3: 0000 0002 00000000
[   11432.937492] /dev/input/event3: 0000 0000 00000000
[   11432.947504] /dev/input/event3: 0003 0039 00000000
[   11432.947528] /dev/input/event3: 0003 0030 00000060
[   11432.947531] /dev/input/event3: 0003 003a 00000060
[   11432.947534] /dev/input/event3: 0003 0035 0000027e
[   11432.947536] /dev/input/event3: 0003 0036 00000250
[   11432.947539] /dev/input/event3: 0000 0002 00000000
[   11432.947541] /dev/input/event3: 0000 0000 00000000
[   11432.957558] /dev/input/event3: 0003 0039 00000000
[   11432.957589] /dev/input/event3: 0003 0030 00000080
[   11432.957592] /dev/input/event3: 0003 003a 00000080
[   11432.957594] /dev/input/event3: 0003 0035 00000276
[   11432.957597] /dev/input/event3: 0003 0036 00000250
[   11432.957600] /dev/input/event3: 0000 0002 00000000
[   11432.957602] /dev/input/event3: 0000 0000 00000000
[   11432.967579] /dev/input/event3: 0003 0039 00000000
[   11432.967599] /dev/input/event3: 0003 0030 00000080
[   11432.967601] /dev/input/event3: 0003 003a 00000080
[   11432.967604] /dev/input/event3: 0003 0035 0000026b
[   11432.967606] /dev/input/event3: 0003 0036 00000250
[   11432.967609] /dev/input/event3: 0000 0002 00000000
[   11432.967611] /dev/input/event3: 0000 0000 00000000
[   11432.977687] /dev/input/event3: 0003 0039 00000000
[   11432.977719] /dev/input/event3: 0003 0030 00000080
[   11432.977722] /dev/input/event3: 0003 003a 00000080
[   11432.977725] /dev/input/event3: 0003 0035 0000025f
[   11432.977727] /dev/input/event3: 0003 0036 00000251
[   11432.977730] /dev/input/event3: 0000 0002 00000000
[   11432.977733] /dev/input/event3: 0000 0000 00000000
[   11432.987682] /dev/input/event3: 0003 0039 00000000
[   11432.987718] /dev/input/event3: 0003 0030 00000060
[   11432.987720] /dev/input/event3: 0003 003a 00000060
[   11432.987723] /dev/input/event3: 0003 0035 00000255
[   11432.987726] /dev/input/event3: 0003 0036 00000251
[   11432.987728] /dev/input/event3: 0000 0002 00000000
[   11432.987731] /dev/input/event3: 0000 0000 00000000
[   11432.997676] /dev/input/event3: 0003 0039 00000000
[   11432.997710] /dev/input/event3: 0003 0030 00000040
[   11432.997713] /dev/input/event3: 0003 003a 00000040
[   11432.997716] /dev/input/event3: 0003 0035 0000024d
[   11432.997719] /dev/input/event3: 0003 0036 00000251
[   11432.997721] /dev/input/event3: 0000 0002 00000000
[   11432.997723] /dev/input/event3: 0000 0000 00000000
[   11433.007749] /dev/input/event3: 0003 0039 00000000
[   11433.007784] /dev/input/event3: 0003 0030 00000060
[   11433.007786] /dev/input/event3: 0003 003a 00000060
[   11433.007789] /dev/input/event3: 0003 0035 00000246
[   11433.007791] /dev/input/event3: 0003 0036 00000252
[   11433.007794] /dev/input/event3: 0000 0002 00000000
[   11433.007797] /dev/input/event3: 0000 0000 00000000
[   11433.017736] /dev/input/event3: 0003 0039 00000000
[   11433.017752] /dev/input/event3: 0003 0030 00000080
[   11433.017755] /dev/input/event3: 0003 003a 00000080
[   11433.017757] /dev/input/event3: 0003 0035 0000023e
[   11433.017760] /dev/input/event3: 0003 0036 00000252
[   11433.017762] /dev/input/event3: 0000 0002 00000000
[   11433.017765] /dev/input/event3: 0000 0000 00000000
[   11433.028378] /dev/input/event3: 0003 0039 00000000
[   11433.028406] /dev/input/event3: 0003 0030 00000080
[   11433.028409] /dev/input/event3: 0003 003a 00000080
[   11433.028412] /dev/input/event3: 0003 0035 00000233
[   11433.028414] /dev/input/event3: 0003 0036 00000252
[   11433.028417] /dev/input/event3: 0000 0002 00000000
[   11433.028420] /dev/input/event3: 0000 0000 00000000
[   11433.038409] /dev/input/event3: 0003 0039 00000000
[   11433.038441] /dev/input/event3: 0003 0030 00000060
[   11433.038443] /dev/input/event3: 0003 003a 00000060
[   11433.038446] /dev/input/event3: 0003 0035 00000227
[   11433.038448] /dev/input/event3: 0003 0036 00000253
[   11433.038451] /dev/input/event3: 0000 0002 00000000
[   11433.038454] /dev/input/event3: 0000 0000 00000000
[   11433.048539] /dev/input/event3: 0003 0039 00000000
[   11433.048572] /dev/input/event3: 0003 0030 00000060
[   11433.048574] /dev/input/event3: 0003 003a 00000060
[   11433.048577] /dev/input/event3: 0003 0035 0000021d
[   11433.048579] /dev/input/event3: 0003 0036 00000254
[   11433.048582] /dev/input/event3: 0000 0002 00000000
[   11433.048585] /dev/input/event3: 0000 0000 00000000
[   11433.058502] /dev/input/event3: 0003 0039 00000000
[   11433.058539] /dev/input/event3: 0003 0030 00000060
[   11433.058541] /dev/input/event3: 0003 003a 00000060
[   11433.058544] /dev/input/event3: 0003 0035 00000213
[   11433.058547] /dev/input/event3: 0003 0036 00000255
[   11433.058549] /dev/input/event3: 0000 0002 00000000
[   11433.058552] /dev/input/event3: 0000 0000 00000000
[   11433.068504] /dev/input/event3: 0003 0039 00000000
[   11433.068537] /dev/input/event3: 0003 0030 00000080
[   11433.068540] /dev/input/event3: 0003 003a 00000080
[   11433.068542] /dev/input/event3: 0003 0035 0000020c
[   11433.068545] /dev/input/event3: 0003 0036 00000255
[   11433.068548] /dev/input/event3: 0000 0002 00000000
[   11433.068550] /dev/input/event3: 0000 0000 00000000
[   11433.078518] /dev/input/event3: 0003 0039 00000000
[   11433.078549] /dev/input/event3: 0003 0030 00000080
[   11433.078552] /dev/input/event3: 0003 003a 00000080
[   11433.078555] /dev/input/event3: 0003 0035 00000201
[   11433.078557] /dev/input/event3: 0003 0036 00000255
[   11433.078560] /dev/input/event3: 0000 0002 00000000
[   11433.078563] /dev/input/event3: 0000 0000 00000000
[   11433.088583] /dev/input/event3: 0003 0039 00000000
[   11433.088614] /dev/input/event3: 0003 0030 00000060
[   11433.088616] /dev/input/event3: 0003 003a 00000060
[   11433.088619] /dev/input/event3: 0003 0035 000001f6
[   11433.088622] /dev/input/event3: 0003 0036 00000256
[   11433.088624] /dev/input/event3: 0000 0002 00000000
[   11433.088627] /dev/input/event3: 0000 0000 00000000
[   11433.098554] /dev/input/event3: 0003 0039 00000000
[   11433.098571] /dev/input/event3: 0003 0030 00000060
[   11433.098574] /dev/input/event3: 0003 003a 00000060
[   11433.098577] /dev/input/event3: 0003 0035 000001ec
[   11433.098579] /dev/input/event3: 0003 0036 00000256
[   11433.098582] /dev/input/event3: 0000 0002 00000000
[   11433.098584] /dev/input/event3: 0000 0000 00000000
[   11433.108628] /dev/input/event3: 0003 0039 00000000
[   11433.108657] /dev/input/event3: 0003 0030 00000060
[   11433.108659] /dev/input/event3: 0003 003a 00000060
[   11433.108662] /dev/input/event3: 0003 0035 000001e5
[   11433.108664] /dev/input/event3: 0003 0036 00000257
[   11433.108667] /dev/input/event3: 0000 0002 00000000
[   11433.108669] /dev/input/event3: 0000 0000 00000000
[   11433.118657] /dev/input/event3: 0003 0039 00000000
[   11433.118684] /dev/input/event3: 0003 0030 00000060
[   11433.118686] /dev/input/event3: 0003 003a 00000060
[   11433.118689] /dev/input/event3: 0003 0035 000001dd
[   11433.118692] /dev/input/event3: 0003 0036 00000257
[   11433.118694] /dev/input/event3: 0000 0002 00000000
[   11433.118697] /dev/input/event3: 0000 0000 00000000
[   11433.128754] /dev/input/event3: 0003 0039 00000000
[   11433.128789] /dev/input/event3: 0003 0030 00000060
[   11433.128793] /dev/input/event3: 0003 003a 00000060
[   11433.128795] /dev/input/event3: 0003 0035 000001d6
[   11433.128798] /dev/input/event3: 0003 0036 00000258
[   11433.128800] /dev/input/event3: 0000 0002 00000000
[   11433.128803] /dev/input/event3: 0000 0000 00000000
[   11433.138737] /dev/input/event3: 0003 0039 00000000
[   11433.138770] /dev/input/event3: 0003 0030 00000060
[   11433.138773] /dev/input/event3: 0003 003a 00000060
[   11433.138775] /dev/input/event3: 0003 0035 000001ca
[   11433.138778] /dev/input/event3: 0003 0036 00000258
[   11433.138780] /dev/input/event3: 0000 0002 00000000
[   11433.138783] /dev/input/event3: 0000 0000 00000000
[   11433.148748] /dev/input/event3: 0003 0039 00000000
[   11433.148767] /dev/input/event3: 0003 0030 00000060
[   11433.148770] /dev/input/event3: 0003 003a 00000060
[   11433.148772] /dev/input/event3: 0003 0035 000001bf
[   11433.148775] /dev/input/event3: 0003 0036 00000259
[   11433.148777] /dev/input/event3: 0000 0002 00000000
[   11433.148780] /dev/input/event3: 0000 0000 00000000
[   11433.158821] /dev/input/event3: 0003 0039 00000000
[   11433.158859] /dev/input/event3: 0003 0030 00000060
[   11433.158862] /dev/input/event3: 0003 003a 00000060
[   11433.158865] /dev/input/event3: 0003 0035 000001b5
[   11433.158867] /dev/input/event3: 0003 0036 0000025a
[   11433.158869] /dev/input/event3: 0000 0002 00000000
[   11433.158872] /dev/input/event3: 0000 0000 00000000
[   11433.168889] /dev/input/event3: 0003 0039 00000000
[   11433.168921] /dev/input/event3: 0003 0030 00000060
[   11433.168925] /dev/input/event3: 0003 003a 00000060
[   11433.168927] /dev/input/event3: 0003 0035 000001ac
[   11433.168930] /dev/input/event3: 0003 0036 0000025a
[   11433.168933] /dev/input/event3: 0000 0002 00000000
[   11433.168935] /dev/input/event3: 0000 0000 00000000
[   11433.178907] /dev/input/event3: 0003 0039 00000000
[   11433.178942] /dev/input/event3: 0003 0030 00000060
[   11433.178945] /dev/input/event3: 0003 003a 00000060
[   11433.178948] /dev/input/event3: 0003 0035 000001a5
[   11433.178950] /dev/input/event3: 0003 0036 0000025b
[   11433.178953] /dev/input/event3: 0000 0002 00000000
[   11433.178955] /dev/input/event3: 0000 0000 00000000
[   11433.188884] /dev/input/event3: 0003 0039 00000000
[   11433.188917] /dev/input/event3: 0003 0030 00000040
[   11433.188920] /dev/input/event3: 0003 003a 00000040
[   11433.188923] /dev/input/event3: 0003 0035 0000019d
[   11433.188926] /dev/input/event3: 0003 0036 0000025b
[   11433.188928] /dev/input/event3: 0000 0002 00000000
[   11433.188930] /dev/input/event3: 0000 0000 00000000
[   11433.198918] /dev/input/event3: 0003 0039 00000000
[   11433.198949] /dev/input/event3: 0003 0030 00000060
[   11433.198953] /dev/input/event3: 0003 003a 00000060
[   11433.198956] /dev/input/event3: 0003 0035 00000191
[   11433.198958] /dev/input/event3: 0003 0036 0000025c
[   11433.198961] /dev/input/event3: 0000 0002 00000000
[   11433.198963] /dev/input/event3: 0000 0000 00000000
[   11433.208966] /dev/input/event3: 0003 0039 00000000
[   11433.208994] /dev/input/event3: 0003 0030 00000060
[   11433.208997] /dev/input/event3: 0003 003a 00000060
[   11433.209000] /dev/input/event3: 0003 0035 00000187
[   11433.209002] /dev/input/event3: 0003 0036 0000025c
[   11433.209005] /dev/input/event3: 0000 0002 00000000
[   11433.209007] /dev/input/event3: 0000 0000 00000000
[   11433.219582] /dev/input/event3: 0003 0039 00000000
[   11433.219619] /dev/input/event3: 0003 0030 00000080
[   11433.219622] /dev/input/event3: 0003 003a 00000080
[   11433.219625] /dev/input/event3: 0003 0035 00000180
[   11433.219627] /dev/input/event3: 0003 0036 0000025c
[   11433.219630] /dev/input/event3: 0000 0002 00000000
[   11433.219633] /dev/input/event3: 0000 0000 00000000
[   11433.229732] /dev/input/event3: 0003 0039 00000000
[   11433.229779] /dev/input/event3: 0003 0030 00000060
[   11433.229782] /dev/input/event3: 0003 003a 00000060
[   11433.229784] /dev/input/event3: 0003 0035 0000017a
[   11433.229787] /dev/input/event3: 0003 0036 0000025c
[   11433.229790] /dev/input/event3: 0000 0002 00000000
[   11433.229794] /dev/input/event3: 0000 0000 00000000
[   11433.239615] /dev/input/event3: 0003 0039 00000000
[   11433.239656] /dev/input/event3: 0003 0030 00000040
[   11433.239659] /dev/input/event3: 0003 003a 00000040
[   11433.239662] /dev/input/event3: 0003 0035 00000172
[   11433.239664] /dev/input/event3: 0003 0036 0000025d
[   11433.239667] /dev/input/event3: 0000 0002 00000000
[   11433.239669] /dev/input/event3: 0000 0000 00000000
[   11433.249562] /dev/input/event3: 0003 0039 00000000
[   11433.249579] /dev/input/event3: 0003 0030 00000040
[   11433.249581] /dev/input/event3: 0003 003a 00000040
[   11433.249584] /dev/input/event3: 0003 0035 00000169
[   11433.249586] /dev/input/event3: 0003 0036 0000025d
[   11433.249588] /dev/input/event3: 0000 0002 00000000
[   11433.249591] /dev/input/event3: 0000 0000 00000000
[   11433.259601] /dev/input/event3: 0003 0039 00000000
[   11433.259636] /dev/input/event3: 0003 0030 00000040
[   11433.259639] /dev/input/event3: 0003 003a 00000040
[   11433.259641] /dev/input/event3: 0003 0035 0000015c
[   11433.259644] /dev/input/event3: 0003 0036 0000025e
[   11433.259646] /dev/input/event3: 0000 0002 00000000
[   11433.259649] /dev/input/event3: 0000 0000 00000000
[   11433.269663] /dev/input/event3: 0003 0039 00000000
[   11433.269694] /dev/input/event3: 0003 0030 00000040
[   11433.269696] /dev/input/event3: 0003 003a 00000040
[   11433.269699] /dev/input/event3: 0003 0035 00000151
[   11433.269702] /dev/input/event3: 0003 0036 0000025e
[   11433.269704] /dev/input/event3: 0000 0002 00000000
[   11433.269707] /dev/input/event3: 0000 0000 00000000
[   11433.279615] /dev/input/event3: 0003 0039 00000000
[   11433.279644] /dev/input/event3: 0003 0030 00000040
[   11433.279647] /dev/input/event3: 0003 003a 00000040
[   11433.279650] /dev/input/event3: 0003 0035 00000148
[   11433.279652] /dev/input/event3: 0003 0036 0000025f
[   11433.279655] /dev/input/event3: 0000 0002 00000000
[   11433.279657] /dev/input/event3: 0000 0000 00000000
[   11433.289653] /dev/input/event3: 0003 0039 00000000
[   11433.289681] /dev/input/event3: 0003 0030 00000040
[   11433.289684] /dev/input/event3: 0003 003a 00000040
[   11433.289686] /dev/input/event3: 0003 0035 00000141
[   11433.289689] /dev/input/event3: 0003 0036 0000025f
[   11433.289692] /dev/input/event3: 0000 0002 00000000
[   11433.289694] /dev/input/event3: 0000 0000 00000000
[   11433.299644] /dev/input/event3: 0003 0039 00000000
[   11433.299662] /dev/input/event3: 0003 0030 00000040
[   11433.299665] /dev/input/event3: 0003 003a 00000040
[   11433.299668] /dev/input/event3: 0003 0035 00000139
[   11433.299670] /dev/input/event3: 0003 0036 0000025f
[   11433.299673] /dev/input/event3: 0000 0002 00000000
[   11433.299675] /dev/input/event3: 0000 0000 00000000
[   11433.309745] /dev/input/event3: 0003 0039 00000000
[   11433.309787] /dev/input/event3: 0003 0030 00000040
[   11433.309791] /dev/input/event3: 0003 003a 00000040
[   11433.309793] /dev/input/event3: 0003 0035 0000012e
[   11433.309796] /dev/input/event3: 0003 0036 00000260
[   11433.309798] /dev/input/event3: 0000 0002 00000000
[   11433.309802] /dev/input/event3: 0000 0000 00000000
[   11433.319712] /dev/input/event3: 0003 0039 00000000
[   11433.319746] /dev/input/event3: 0003 0030 00000060
[   11433.319748] /dev/input/event3: 0003 003a 00000060
[   11433.319751] /dev/input/event3: 0003 0035 00000123
[   11433.319754] /dev/input/event3: 0003 0036 00000261
[   11433.319756] /dev/input/event3: 0000 0002 00000000
[   11433.319758] /dev/input/event3: 0000 0000 00000000
[   11433.329766] /dev/input/event3: 0003 0039 00000000
[   11433.329784] /dev/input/event3: 0003 0030 00000060
[   11433.329787] /dev/input/event3: 0003 003a 00000060
[   11433.329789] /dev/input/event3: 0003 0035 00000119
[   11433.329792] /dev/input/event3: 0003 0036 00000261
[   11433.329794] /dev/input/event3: 0000 0002 00000000
[   11433.329797] /dev/input/event3: 0000 0000 00000000
[   11433.339838] /dev/input/event3: 0003 0039 00000000
[   11433.339877] /dev/input/event3: 0003 0030 00000060
[   11433.339880] /dev/input/event3: 0003 003a 00000060
[   11433.339883] /dev/input/event3: 0003 0035 00000113
[   11433.339885] /dev/input/event3: 0003 0036 00000262
[   11433.339888] /dev/input/event3: 0000 0002 00000000
[   11433.339890] /dev/input/event3: 0000 0000 00000000
[   11433.349812] /dev/input/event3: 0003 0039 00000000
[   11433.349848] /dev/input/event3: 0003 0030 00000060
[   11433.349851] /dev/input/event3: 0003 003a 00000060
[   11433.349854] /dev/input/event3: 0003 0035 0000010d
[   11433.349856] /dev/input/event3: 0003 0036 00000262
[   11433.349859] /dev/input/event3: 0000 0002 00000000
[   11433.349862] /dev/input/event3: 0000 0000 00000000
[   11433.359800] /dev/input/event3: 0003 0039 00000000
[   11433.359830] /dev/input/event3: 0003 0030 00000040
[   11433.359833] /dev/input/event3: 0003 003a 00000040
[   11433.359835] /dev/input/event3: 0003 0035 00000105
[   11433.359838] /dev/input/event3: 0003 0036 00000262
[   11433.359840] /dev/input/event3: 0000 0002 00000000
[   11433.359843] /dev/input/event3: 0000 0000 00000000
[   11433.369861] /dev/input/event3: 0003 0039 00000000
[   11433.369894] /dev/input/event3: 0003 0030 00000060
[   11433.369897] /dev/input/event3: 0003 003a 00000060
[   11433.369899] /dev/input/event3: 0003 0035 000000f9
[   11433.369902] /dev/input/event3: 0003 0036 00000263
[   11433.369904] /dev/input/event3: 0000 0002 00000000
[   11433.369907] /dev/input/event3: 0000 0000 00000000
[   11433.379915] /dev/input/event3: 0003 0039 00000000
[   11433.379944] /dev/input/event3: 0003 0030 00000060
[   11433.379947] /dev/input/event3: 0003 003a 00000060
[   11433.379949] /dev/input/event3: 0003 0035 000000ee
[   11433.379952] /dev/input/event3: 0003 0036 00000264
[   11433.379954] /dev/input/event3: 0000 0002 00000000
[   11433.379956] /dev/input/event3: 0000 0000 00000000
[   11433.389925] /dev/input/event3: 0003 0039 00000000
[   11433.389945] /dev/input/event3: 0003 0030 00000060
[   11433.389948] /dev/input/event3: 0003 003a 00000060
[   11433.389951] /dev/input/event3: 0003 0035 000000e4
[   11433.389953] /dev/input/event3: 0003 0036 00000265
[   11433.389955] /dev/input/event3: 0000 0002 00000000
[   11433.389958] /dev/input/event3: 0000 0000 00000000
[   11433.399987] /dev/input/event3: 0003 0039 00000000
[   11433.400072] /dev/input/event3: 0003 0030 00000060
[   11433.400076] /dev/input/event3: 0003 003a 00000060
[   11433.400079] /dev/input/event3: 0003 0035 000000de
[   11433.400081] /dev/input/event3: 0003 0036 00000265
[   11433.400084] /dev/input/event3: 0000 0002 00000000
[   11433.400086] /dev/input/event3: 0000 0000 00000000
[   11433.410107] /dev/input/event3: 0003 0039 00000000
[   11433.410139] /dev/input/event3: 0003 0030 00000060
[   11433.410142] /dev/input/event3: 0003 003a 00000060
[   11433.410145] /dev/input/event3: 0003 0035 000000d7
[   11433.410147] /dev/input/event3: 0003 0036 00000266
[   11433.410150] /dev/input/event3: 0000 0002 00000000
[   11433.410152] /dev/input/event3: 0000 0000 00000000
[   11433.420632] /dev/input/event3: 0003 0039 00000000
[   11433.420669] /dev/input/event3: 0003 0030 00000080
[   11433.420671] /dev/input/event3: 0003 003a 00000080
[   11433.420674] /dev/input/event3: 0003 0035 000000cf
[   11433.420677] /dev/input/event3: 0003 0036 00000267
[   11433.420679] /dev/input/event3: 0000 0002 00000000
[   11433.420682] /dev/input/event3: 0000 0000 00000000
[   11433.430745] /dev/input/event3: 0003 0039 00000000
[   11433.430773] /dev/input/event3: 0003 0030 00000080
[   11433.430776] /dev/input/event3: 0003 003a 00000080
[   11433.430778] /dev/input/event3: 0003 0035 000000c4
[   11433.430782] /dev/input/event3: 0003 0036 00000268
[   11433.430784] /dev/input/event3: 0000 0002 00000000
[   11433.430787] /dev/input/event3: 0000 0000 00000000
[   11433.440633] /dev/input/event3: 0003 0039 00000000
[   11433.440653] /dev/input/event3: 0003 0030 00000060
[   11433.440655] /dev/input/event3: 0003 003a 00000060
[   11433.440658] /dev/input/event3: 0003 0035 000000b9
[   11433.440661] /dev/input/event3: 0003 0036 00000268
[   11433.440663] /dev/input/event3: 0000 0002 00000000
[   11433.440666] /dev/input/event3: 0000 0000 00000000
[   11433.450747] /dev/input/event3: 0003 0039 00000000
[   11433.450780] /dev/input/event3: 0003 0030 00000060
[   11433.450783] /dev/input/event3: 0003 003a 00000060
[   11433.450786] /dev/input/event3: 0003 0035 000000b1
[   11433.450789] /dev/input/event3: 0003 0036 00000268
[   11433.450791] /dev/input/event3: 0000 0002 00000000
[   11433.450794] /dev/input/event3: 0000 0000 00000000
[   11433.460769] /dev/input/event3: 0003 0039 00000000
[   11433.460795] /dev/input/event3: 0003 0030 00000060
[   11433.460798] /dev/input/event3: 0003 003a 00000060
[   11433.460800] /dev/input/event3: 0003 0035 000000aa
[   11433.460803] /dev/input/event3: 0003 0036 00000269
[   11433.460805] /dev/input/event3: 0000 0002 00000000
[   11433.460808] /dev/input/event3: 0000 0000 00000000
[   11433.470827] /dev/input/event3: 0003 0039 00000000
[   11433.470863] /dev/input/event3: 0003 0030 00000080
[   11433.470865] /dev/input/event3: 0003 003a 00000080
[   11433.470869] /dev/input/event3: 0003 0035 000000a3
[   11433.470871] /dev/input/event3: 0003 0036 00000269
[   11433.470874] /dev/input/event3: 0000 0002 00000000
[   11433.470877] /dev/input/event3: 0000 0000 00000000
[   11433.480774] /dev/input/event3: 0003 0039 00000000
[   11433.480802] /dev/input/event3: 0003 0030 00000080
[   11433.480804] /dev/input/event3: 0003 003a 00000080
[   11433.480807] /dev/input/event3: 0003 0035 0000009b
[   11433.480809] /dev/input/event3: 0003 0036 0000026a
[   11433.480812] /dev/input/event3: 0000 0002 00000000
[   11433.480815] /dev/input/event3: 0000 0000 00000000
[   11433.490764] /dev/input/event3: 0003 0039 00000000
[   11433.490783] /dev/input/event3: 0003 0030 00000080
[   11433.490785] /dev/input/event3: 0003 003a 00000080
[   11433.490788] /dev/input/event3: 0003 0035 00000093
[   11433.490791] /dev/input/event3: 0003 0036 0000026a
[   11433.490793] /dev/input/event3: 0000 0002 00000000
[   11433.490796] /dev/input/event3: 0000 0000 00000000
[   11433.500834] /dev/input/event3: 0003 0039 00000000
[   11433.500867] /dev/input/event3: 0003 0030 00000060
[   11433.500871] /dev/input/event3: 0003 003a 00000060
[   11433.500876] /dev/input/event3: 0003 0035 0000008b
[   11433.500879] /dev/input/event3: 0003 0036 0000026b
[   11433.500881] /dev/input/event3: 0000 0002 00000000
[   11433.500884] /dev/input/event3: 0000 0000 00000000
[   11433.510854] /dev/input/event3: 0003 0039 00000000
[   11433.510882] /dev/input/event3: 0003 0030 00000060
[   11433.510885] /dev/input/event3: 0003 003a 00000060
[   11433.510888] /dev/input/event3: 0003 0035 00000083
[   11433.510890] /dev/input/event3: 0003 0036 0000026b
[   11433.510893] /dev/input/event3: 0000 0002 00000000
[   11433.510895] /dev/input/event3: 0000 0000 00000000
[   11433.520908] /dev/input/event3: 0003 0039 00000000
[   11433.520941] /dev/input/event3: 0003 0030 00000060
[   11433.520944] /dev/input/event3: 0003 003a 00000060
[   11433.520946] /dev/input/event3: 0003 0035 0000007c
[   11433.520949] /dev/input/event3: 0003 0036 0000026c
[   11433.520951] /dev/input/event3: 0000 0002 00000000
[   11433.520954] /dev/input/event3: 0000 0000 00000000
[   11433.530951] /dev/input/event3: 0003 0039 00000000
[   11433.530977] /dev/input/event3: 0003 0030 00000060
[   11433.530980] /dev/input/event3: 0003 003a 00000060
[   11433.530982] /dev/input/event3: 0003 0035 00000077
[   11433.530985] /dev/input/event3: 0003 0036 0000026c
[   11433.530987] /dev/input/event3: 0000 0002 00000000
[   11433.530990] /dev/input/event3: 0000 0000 00000000
[   11433.540973] /dev/input/event3: 0003 0039 00000000
[   11433.540991] /dev/input/event3: 0003 0030 00000080
[   11433.540994] /dev/input/event3: 0003 003a 00000080
[   11433.540997] /dev/input/event3: 0003 0035 00000072
[   11433.540999] /dev/input/event3: 0003 0036 0000026c
[   11433.541002] /dev/input/event3: 0000 0002 00000000
[   11433.541004] /dev/input/event3: 0000 0000 00000000
[   11433.551039] /dev/input/event3: 0003 0039 00000000
[   11433.551070] /dev/input/event3: 0003 0030 00000080
[   11433.551073] /dev/input/event3: 0003 003a 00000080
[   11433.551076] /dev/input/event3: 0003 0035 0000006d
[   11433.551078] /dev/input/event3: 0003 0036 0000026c
[   11433.551081] /dev/input/event3: 0000 0002 00000000
[   11433.551084] /dev/input/event3: 0000 0000 00000000
[   11433.561052] /dev/input/event3: 0003 0039 00000000
[   11433.561081] /dev/input/event3: 0003 0030 00000080
[   11433.561084] /dev/input/event3: 0003 003a 00000080
[   11433.561087] /dev/input/event3: 0003 0035 00000068
[   11433.561089] /dev/input/event3: 0003 0036 0000026d
[   11433.561092] /dev/input/event3: 0000 0002 00000000
[   11433.561094] /dev/input/event3: 0000 0000 00000000
[   11433.571140] /dev/input/event3: 0003 0039 00000000
[   11433.571175] /dev/input/event3: 0003 0030 00000080
[   11433.571178] /dev/input/event3: 0003 003a 00000080
[   11433.571181] /dev/input/event3: 0003 0035 00000062
[   11433.571183] /dev/input/event3: 0003 0036 0000026d
[   11433.571186] /dev/input/event3: 0000 0002 00000000
[   11433.571189] /dev/input/event3: 0000 0000 00000000
[   11433.581157] /dev/input/event3: 0003 0039 00000000
[   11433.581185] /dev/input/event3: 0003 0030 00000080
[   11433.581188] /dev/input/event3: 0003 003a 00000080
[   11433.581191] /dev/input/event3: 0003 0035 0000005b
[   11433.581194] /dev/input/event3: 0003 0036 0000026d
[   11433.581196] /dev/input/event3: 0000 0002 00000000
[   11433.581199] /dev/input/event3: 0000 0000 00000000
[   11433.591162] /dev/input/event3: 0003 0039 00000000
[   11433.591184] /dev/input/event3: 0003 0030 00000080
[   11433.591187] /dev/input/event3: 0003 003a 00000080
[   11433.591189] /dev/input/event3: 0003 0035 00000056
[   11433.591192] /dev/input/event3: 0003 0036 0000026d
[   11433.591194] /dev/input/event3: 0000 0002 00000000
[   11433.591197] /dev/input/event3: 0000 0000 00000000
[   11433.601220] /dev/input/event3: 0003 0039 00000000
[   11433.601252] /dev/input/event3: 0003 0030 00000060
[   11433.601255] /dev/input/event3: 0003 003a 00000060
[   11433.601259] /dev/input/event3: 0003 0035 00000051
[   11433.601261] /dev/input/event3: 0003 0036 0000026d
[   11433.601264] /dev/input/event3: 0000 0002 00000000
[   11433.601266] /dev/input/event3: 0000 0000 00000000
[   11433.611253] /dev/input/event3: 0003 0039 00000000
[   11433.611285] /dev/input/event3: 0003 0030 00000060
[   11433.611288] /dev/input/event3: 0003 003a 00000060
[   11433.611291] /dev/input/event3: 0003 0035 0000004c
[   11433.611293] /dev/input/event3: 0003 0036 0000026d
[   11433.611296] /dev/input/event3: 0000 0002 00000000
[   11433.611298] /dev/input/event3: 0000 0000 00000000
[   11433.628149] /dev/input/event3: 0003 0039 00000000
[   11433.628164] /dev/input/event3: 0003 0030 00000040
[   11433.628167] /dev/input/event3: 0003 003a 00000040
[   11433.628170] /dev/input/event3: 0003 0035 00000048
[   11433.628172] /dev/input/event3: 0003 0036 0000026d
[   11433.628175] /dev/input/event3: 0000 0002 00000000
[   11433.628177] /dev/input/event3: 0000 0000 00000000
[   11433.632593] /dev/input/event3: 0003 0039 00000000
[   11433.632735] /dev/input/event3: 0003 0030 00000060
[   11433.632777] /dev/input/event3: 0003 003a 00000060
[   11433.632815] /dev/input/event3: 0003 0035 00000044
[   11433.632850] /dev/input/event3: 0003 0036 0000026d
[   11433.632905] /dev/input/event3: 0000 0002 00000000
[   11433.632960] /dev/input/event3: 0000 0000 00000000
[   11433.641790] /dev/input/event3: 0003 0039 00000000
[   11433.641827] /dev/input/event3: 0003 0030 00000060
[   11433.641831] /dev/input/event3: 0003 003a 00000060
[   11433.641834] /dev/input/event3: 0003 0035 00000041
[   11433.641837] /dev/input/event3: 0003 0036 0000026d
[   11433.641839] /dev/input/event3: 0000 0002 00000000
[   11433.641842] /dev/input/event3: 0000 0000 00000000
[   11433.651891] /dev/input/event3: 0003 0039 00000000
[   11433.651927] /dev/input/event3: 0003 0030 00000080
[   11433.651930] /dev/input/event3: 0003 003a 00000080
[   11433.651933] /dev/input/event3: 0003 0035 0000003e
[   11433.651935] /dev/input/event3: 0003 0036 0000026d
[   11433.651938] /dev/input/event3: 0000 0002 00000000
[   11433.651940] /dev/input/event3: 0000 0000 00000000
[   11433.661914] /dev/input/event3: 0003 0039 00000000
[   11433.661946] /dev/input/event3: 0003 0030 00000080
[   11433.661949] /dev/input/event3: 0003 003a 00000080
[   11433.661952] /dev/input/event3: 0003 0035 0000003b
[   11433.661955] /dev/input/event3: 0003 0036 0000026e
[   11433.661957] /dev/input/event3: 0000 0002 00000000
[   11433.661960] /dev/input/event3: 0000 0000 00000000
[   11433.671888] /dev/input/event3: 0003 0039 00000000
[   11433.671925] /dev/input/event3: 0003 0030 00000080
[   11433.671927] /dev/input/event3: 0003 003a 00000080
[   11433.671930] /dev/input/event3: 0003 0035 00000037
[   11433.671933] /dev/input/event3: 0003 0036 0000026e
[   11433.671935] /dev/input/event3: 0000 0002 00000000
[   11433.671938] /dev/input/event3: 0000 0000 00000000
[   11433.681909] /dev/input/event3: 0003 0039 00000000
[   11433.681942] /dev/input/event3: 0003 0030 00000080
[   11433.681946] /dev/input/event3: 0003 003a 00000080
[   11433.681949] /dev/input/event3: 0003 0035 00000033
[   11433.681951] /dev/input/event3: 0003 0036 0000026e
[   11433.681954] /dev/input/event3: 0000 0002 00000000
[   11433.681957] /dev/input/event3: 0000 0000 00000000
[   11433.691957] /dev/input/event3: 0003 0039 00000000
[   11433.691988] /dev/input/event3: 0003 0030 00000080
[   11433.691991] /dev/input/event3: 0003 003a 00000080
[   11433.691994] /dev/input/event3: 0003 0035 0000002e
[   11433.691997] /dev/input/event3: 0003 0036 0000026e
[   11433.692000] /dev/input/event3: 0000 0002 00000000
[   11433.692003] /dev/input/event3: 0000 0000 00000000
[   11433.701965] /dev/input/event3: 0003 0039 00000000
[   11433.701994] /dev/input/event3: 0003 0030 00000080
[   11433.701997] /dev/input/event3: 0003 003a 00000080
[   11433.702000] /dev/input/event3: 0003 0035 00000028
[   11433.702002] /dev/input/event3: 0003 0036 0000026e
[   11433.702005] /dev/input/event3: 0000 0002 00000000
[   11433.702008] /dev/input/event3: 0000 0000 00000000
[   11433.712022] /dev/input/event3: 0003 0039 00000000
[   11433.712051] /dev/input/event3: 0003 0030 00000060
[   11433.712054] /dev/input/event3: 0003 003a 00000060
[   11433.712057] /dev/input/event3: 0003 0035 00000023
[   11433.712059] /dev/input/event3: 0003 0036 0000026e
[   11433.712062] /dev/input/event3: 0000 0002 00000000
[   11433.712064] /dev/input/event3: 0000 0000 00000000
[   11433.722074] /dev/input/event3: 0003 0039 00000000
[   11433.722105] /dev/input/event3: 0003 0030 00000060
[   11433.722109] /dev/input/event3: 0003 003a 00000060
[   11433.722112] /dev/input/event3: 0003 0035 0000001d
[   11433.722114] /dev/input/event3: 0003 0036 0000026e
[   11433.722117] /dev/input/event3: 0000 0002 00000000
[   11433.722120] /dev/input/event3: 0000 0000 00000000
[   11433.732073] /dev/input/event3: 0003 0039 00000000
[   11433.732109] /dev/input/event3: 0003 0030 00000040
[   11433.732112] /dev/input/event3: 0003 003a 00000040
[   11433.732115] /dev/input/event3: 0003 0035 0000001a
[   11433.732118] /dev/input/event3: 0003 0036 0000026e
[   11433.732120] /dev/input/event3: 0000 0002 00000000
[   11433.732124] /dev/input/event3: 0000 0000 00000000
[   11433.742202] /dev/input/event3: 0003 0039 00000000
[   11433.742250] /dev/input/event3: 0003 0030 00000040
[   11433.742253] /dev/input/event3: 0003 003a 00000040
[   11433.742256] /dev/input/event3: 0003 0035 00000017
[   11433.742258] /dev/input/event3: 0003 0036 0000026e
[   11433.742261] /dev/input/event3: 0000 0002 00000000
[   11433.742266] /dev/input/event3: 0000 0000 00000000
[   11433.771098] /dev/input/event3: 0000 0002 00000000
[   11433.771118] /dev/input/event3: 0000 0000 00000000
